Product Line Solution 1		 Objectives: 5.0 9.0 1085.0 
Product 655: [1, 2, 3, 4, 5, 6, 7, 8, 9, 10, -11, 12, 13, 14, 15, 16, 17, 18, 19, 20, 21, 22, 23, 24, 25, 26, 27, 28, 29, 30, 31, 32, -33, 34, 35, 36, -37, 38, -39, 40, 41, -42, 43, -44, 45, 46, -47, 48, 49, 50, -51, 52, 53, 54, 55, 56, -57, 58, 59, 60, -61, -62, -63, -64, -65, -66, -67, -68, 69, 70, -71, 72, -73, -74, -75, -76, 77, -78, -79, -80, -81, -82, 83, -84, 85, -86, -87, -88, -89, -90, -91, 92, -93, -94]
Product 14: [1, 2, 3, 4, 5, 6, 7, 8, 9, 10, 11, 12, 13, 14, 15, 16, 17, 18, 19, 20, 21, 22, -23, 24, -25, 26, 27, 28, 29, 30, 31, 32, -33, 34, 35, 36, 37, -38, -39, 40, 41, -42, 43, -44, 45, -46, 47, 48, 49, -50, 51, 52, 53, 54, 55, 56, -57, 58, -59, -60, -61, -62, -63, -64, -65, -66, -67, 68, -69, 70, -71, 72, -73, -74, -75, 76, -77, 78, 79, -80, -81, -82, -83, -84, -85, 86, -87, 88, -89, -90, -91, -92, -93, -94]
Product 182: [1, 2, 3, 4, 5, 6, 7, 8, 9, 10, 11, 12, 13, 14, 15, 16, 17, 18, 19, 20, 21, 22, -23, 24, 25, 26, -27, 28, 29, 30, 31, 32, 33, -34, 35, 36, 37, -38, 39, -40, 41, -42, 43, -44, 45, -46, -47, 48, 49, -50, 51, 52, 53, 54, 55, 56, -57, 58, 59, 60, -61, 62, -63, -64, -65, -66, -67, -68, -69, 70, -71, 72, -73, -74, 75, -76, -77, -78, -79, -80, -81, -82, 83, -84, -85, -86, 87, -88, -89, -90, -91, -92, -93, -94]
Product 121: [1, 2, 3, 4, 5, 6, 7, 8, 9, 10, 11, 12, 13, 14, 15, 16, 17, 18, 19, 20, 21, 22, -23, 24, 25, 26, 27, -28, 29, 30, 31, 32, -33, 34, 35, 36, -37, 38, -39, 40, -41, 42, 43, -44, 45, 46, -47, 48, 49, -50, 51, 52, 53, 54, 55, 56, -57, 58, -59, 60, -61, -62, -63, -64, -65, 66, -67, -68, -69, 70, -71, 72, -73, -74, -75, 76, -77, -78, -79, -80, -81, -82, -83, 84, 85, -86, -87, -88, -89, -90, 91, -92, -93, -94]
Product 648: [1, 2, 3, 4, 5, 6, 7, 8, 9, 10, -11, 12, 13, 14, 15, 16, 17, 18, 19, 20, 21, 22, 23, 24, 25, 26, -27, -28, 29, 30, 31, 32, 33, -34, 35, 36, -37, 38, -39, 40, -41, 42, 43, -44, 45, -46, 47, 48, 49, 50, -51, 52, 53, 54, 55, 56, -57, 58, 59, -60, 61, -62, -63, -64, -65, -66, -67, -68, -69, 70, -71, 72, -73, -74, -75, -76, 77, -78, 79, -80, -81, -82, -83, -84, -85, -86, 87, -88, -89, -90, -91, -92, 93, -94]
Product 999: [1, 2, 3, 4, 5, 6, 7, 8, 9, 10, 11, 12, 13, 14, 15, 16, 17, 18, 19, 20, 21, 22, 23, 24, 25, 26, -27, -28, 29, 30, 31, 32, -33, 34, 35, 36, 37, -38, 39, -40, -41, 42, -43, 44, 45, -46, 47, 48, 49, 50, -51, 52, 53, 54, 55, 56, -57, 58, 59, 60, -61, -62, -63, -64, -65, -66, 67, -68, -69, 70, -71, 72, -73, 74, -75, -76, -77, -78, 79, -80, -81, -82, 83, -84, -85, -86, 87, -88, -89, -90, -91, -92, -93, -94]
Product 856: [1, 2, 3, 4, 5, 6, 7, 8, 9, 10, -11, 12, 13, 14, 15, 16, 17, 18, 19, 20, -21, 22, -23, 24, -25, 26, -27, 28, 29, 30, 31, 32, -33, 34, 35, 36, 37, -38, -39, 40, -41, 42, -43, 44, 45, 46, 47, 48, 49, 50, -51, 52, 53, 54, 55, 56, 57, 58, -59, -60, -61, -62, -63, -64, 65, -66, -67, -68, -69, 70, 71, -72, -73, -74, -75, 76, -77, -78, 79, 80, 81, 82, -83, -84, -85, -86, -87, 88, -89, -90, -91, -92, -93, -94]
Product 920: [1, 2, 3, 4, 5, 6, 7, 8, 9, 10, 11, 12, 13, 14, 15, 16, 17, 18, 19, 20, 21, 22, 23, 24, 25, 26, -27, 28, 29, 30, 31, 32, 33, -34, 35, 36, -37, 38, 39, -40, -41, 42, 43, -44, 45, 46, 47, 48, 49, -50, 51, 52, 53, 54, 55, 56, 57, 58, -59, 60, -61, -62, -63, 64, -65, -66, -67, -68, -69, 70, 71, -72, -73, 74, -75, -76, -77, -78, 79, 80, 81, 82, 83, -84, -85, -86, -87, -88, -89, -90, -91, -92, -93, -94]
Product 997: [1, 2, 3, 4, 5, 6, 7, 8, 9, 10, -11, 12, 13, 14, 15, 16, 17, 18, 19, 20, 21, 22, 23, 24, -25, 26, -27, 28, 29, 30, 31, 32, 33, -34, 35, 36, 37, -38, -39, 40, 41, -42, 43, -44, 45, -46, 47, 48, 49, -50, 51, 52, 53, 54, 55, 56, -57, 58, -59, -60, -61, -62, -63, 64, -65, -66, -67, -68, -69, 70, -71, 72, -73, -74, -75, -76, 77, 78, 79, -80, -81, -82, -83, -84, -85, -86, 87, -88, -89, -90, -91, -92, 93, -94]

Product Line Solution 2		 Objectives: 11.0 7.0 858.0 
Product 256: [1, 2, 3, 4, 5, 6, 7, 8, 9, 10, -11, 12, 13, 14, 15, 16, 17, 18, 19, 20, 21, 22, 23, -24, 25, 26, 27, 28, 29, 30, 31, 32, 33, -34, 35, 36, 37, -38, -39, 40, -41, 42, 43, -44, 45, 46, 47, 48, 49, 50, -51, 52, 53, 54, 55, 56, 57, 58, 59, 60, -61, -62, -63, 64, -65, -66, -67, -68, -69, 70, 71, -72, -73, -74, -75, -76, 77, -78, 79, 80, 81, 82, 83, -84, -85, -86, -87, -88, -89, -90, -91, -92, 93, -94]
Product 180: [1, 2, 3, 4, 5, 6, 7, 8, 9, 10, 11, 12, 13, 14, 15, 16, 17, 18, 19, 20, -21, 22, -23, 24, -25, 26, -27, -28, 29, 30, 31, 32, -33, 34, 35, 36, -37, 38, -39, 40, -41, 42, -43, 44, 45, -46, -47, 48, 49, -50, 51, 52, 53, 54, 55, 56, 57, 58, -59, -60, -61, -62, -63, -64, -65, -66, 67, -68, -69, 70, -71, 72, -73, -74, -75, -76, 77, -78, -79, 80, 81, 82, -83, -84, 85, -86, -87, -88, -89, -90, -91, -92, 93, -94]
Product 659: [1, 2, 3, 4, 5, 6, 7, 8, 9, 10, -11, 12, 13, 14, 15, 16, 17, 18, 19, 20, 21, 22, 23, -24, 25, 26, 27, 28, 29, 30, 31, 32, 33, -34, 35, 36, -37, 38, -39, 40, -41, 42, -43, 44, 45, 46, 47, 48, 49, 50, -51, 52, 53, 54, 55, 56, -57, 58, 59, -60, -61, -62, 63, -64, -65, -66, -67, -68, -69, 70, 71, -72, -73, -74, -75, 76, -77, 78, 79, -80, -81, -82, -83, -84, -85, -86, -87, -88, -89, -90, 91, -92, -93, -94]
Product 872: [1, 2, 3, 4, 5, 6, 7, 8, 9, 10, 11, 12, 13, 14, 15, 16, 17, 18, 19, 20, -21, 22, -23, 24, 25, 26, -27, 28, 29, 30, 31, 32, 33, -34, 35, 36, 37, -38, -39, 40, -41, 42, -43, 44, 45, -46, 47, 48, 49, -50, 51, 52, 53, 54, 55, 56, 57, 58, -59, 60, -61, 62, -63, -64, -65, -66, -67, -68, -69, 70, -71, 72, -73, -74, -75, -76, 77, 78, -79, 80, 81, 82, -83, 84, -85, -86, 87, -88, -89, -90, -91, -92, 93, -94]
Product 541: [1, 2, 3, 4, 5, 6, 7, 8, 9, 10, -11, 12, 13, 14, 15, 16, 17, 18, 19, 20, 21, 22, -23, 24, -25, 26, -27, -28, 29, 30, 31, 32, 33, -34, 35, 36, -37, 38, 39, -40, -41, 42, -43, 44, 45, -46, 47, 48, 49, 50, -51, 52, 53, 54, 55, 56, 57, 58, -59, -60, -61, -62, -63, 64, -65, -66, -67, -68, -69, 70, 71, -72, 73, -74, -75, -76, -77, 78, -79, 80, 81, 82, -83, -84, -85, -86, -87, -88, -89, -90, -91, -92, -93, -94]
Product 17: [1, 2, 3, 4, 5, 6, 7, 8, 9, 10, 11, 12, 13, 14, 15, 16, 17, 18, 19, 20, -21, 22, -23, -24, 25, 26, -27, -28, 29, 30, 31, 32, 33, -34, 35, 36, 37, -38, -39, 40, -41, 42, 43, -44, 45, 46, 47, 48, 49, 50, -51, 52, 53, 54, 55, 56, -57, 58, 59, -60, 61, -62, -63, -64, -65, -66, -67, -68, -69, 70, -71, 72, -73, -74, -75, 76, -77, -78, 79, -80, -81, -82, -83, -84, -85, -86, 87, -88, -89, 90, -91, -92, -93, -94]
Product 122: [1, 2, 3, 4, 5, 6, 7, 8, 9, 10, 11, 12, 13, 14, 15, 16, 17, 18, 19, 20, 21, 22, 23, 24, -25, 26, -27, 28, 29, 30, 31, 32, 33, -34, 35, 36, -37, 38, -39, 40, -41, 42, 43, -44, 45, -46, 47, 48, 49, -50, 51, 52, 53, 54, 55, 56, -57, 58, -59, -60, 61, -62, -63, -64, -65, -66, -67, -68, -69, 70, -71, 72, -73, -74, -75, 76, -77, 78, -79, -80, -81, -82, -83, -84, -85, 86, -87, -88, -89, 90, -91, -92, -93, -94]

Product Line Solution 3		 Objectives: 4.0 10.0 1259.0 
Product 75: [1, 2, 3, 4, 5, 6, 7, 8, 9, 10, -11, 12, 13, 14, 15, 16, 17, 18, 19, 20, 21, 22, 23, -24, 25, 26, -27, -28, 29, 30, 31, 32, -33, 34, 35, 36, -37, 38, -39, 40, -41, 42, 43, -44, 45, -46, 47, 48, 49, 50, -51, 52, 53, 54, 55, 56, 57, 58, 59, 60, -61, -62, -63, -64, 65, -66, -67, -68, -69, 70, -71, 72, -73, -74, -75, 76, -77, 78, 79, 80, 81, 82, 83, -84, -85, 86, -87, 88, -89, -90, -91, -92, -93, -94]
Product 708: [1, 2, 3, 4, 5, 6, 7, 8, 9, 10, 11, 12, 13, 14, 15, 16, 17, 18, 19, 20, 21, 22, -23, 24, 25, 26, -27, -28, 29, 30, 31, 32, 33, -34, 35, 36, -37, 38, -39, 40, -41, 42, -43, 44, 45, 46, -47, 48, 49, -50, 51, 52, 53, 54, 55, 56, -57, 58, -59, 60, 61, -62, -63, -64, -65, -66, -67, -68, -69, 70, 71, -72, -73, -74, -75, 76, -77, -78, -79, -80, -81, -82, 83, -84, -85, -86, -87, -88, -89, -90, 91, -92, -93, -94]
Product 203: [1, 2, 3, 4, 5, 6, 7, 8, 9, 10, 11, 12, 13, 14, 15, 16, 17, 18, 19, 20, 21, 22, 23, -24, 25, 26, 27, 28, 29, 30, 31, 32, 33, -34, 35, 36, -37, 38, -39, 40, -41, 42, -43, 44, 45, -46, 47, 48, 49, -50, 51, 52, 53, 54, 55, 56, 57, 58, 59, 60, -61, 62, -63, -64, -65, -66, -67, -68, -69, 70, -71, 72, -73, -74, -75, 76, -77, -78, 79, 80, 81, 82, -83, 84, 85, -86, -87, -88, 89, -90, -91, -92, -93, -94]
Product 661: [1, 2, 3, 4, 5, 6, 7, 8, 9, 10, -11, 12, 13, 14, 15, 16, 17, 18, 19, 20, -21, 22, -23, -24, -25, 26, 27, 28, 29, 30, 31, 32, -33, 34, 35, 36, 37, -38, -39, 40, -41, 42, -43, 44, 45, -46, -47, 48, 49, 50, -51, 52, 53, 54, 55, 56, 57, 58, -59, -60, -61, -62, -63, -64, -65, -66, 67, -68, -69, 70, -71, 72, -73, -74, -75, 76, -77, -78, -79, 80, 81, 82, -83, -84, -85, -86, 87, -88, -89, 90, -91, -92, -93, -94]
Product 475: [1, 2, 3, 4, 5, 6, 7, 8, 9, 10, -11, 12, 13, 14, 15, 16, 17, 18, 19, 20, 21, 22, -23, 24, 25, 26, -27, 28, 29, 30, 31, 32, -33, 34, 35, 36, -37, 38, 39, -40, 41, -42, 43, -44, 45, 46, -47, 48, 49, -50, 51, 52, 53, 54, 55, 56, 57, 58, 59, 60, -61, -62, -63, -64, -65, -66, -67, 68, -69, 70, 71, -72, 73, -74, -75, -76, -77, -78, -79, 80, 81, 82, -83, 84, -85, -86, -87, -88, -89, -90, -91, -92, -93, -94]
Product 893: [1, 2, 3, 4, 5, 6, 7, 8, 9, 10, -11, 12, 13, 14, 15, 16, 17, 18, 19, 20, -21, 22, -23, 24, -25, 26, 27, -28, 29, 30, 31, 32, -33, 34, 35, 36, 37, -38, -39, 40, -41, 42, -43, 44, 45, -46, -47, 48, 49, -50, 51, 52, 53, 54, 55, 56, 57, 58, -59, -60, -61, -62, -63, -64, -65, -66, -67, -68, 69, 70, -71, 72, -73, -74, -75, -76, 77, -78, -79, 80, 81, 82, -83, -84, 85, -86, -87, -88, -89, -90, -91, -92, 93, -94]
Product 957: [1, 2, 3, 4, 5, 6, 7, 8, 9, 10, -11, 12, 13, 14, 15, 16, 17, 18, 19, 20, 21, 22, -23, -24, 25, 26, -27, -28, 29, 30, 31, 32, -33, 34, 35, 36, -37, 38, -39, 40, -41, 42, 43, -44, 45, -46, 47, 48, 49, -50, 51, 52, 53, 54, 55, 56, -57, 58, 59, -60, -61, -62, -63, -64, -65, -66, -67, 68, -69, 70, -71, 72, -73, -74, -75, 76, -77, 78, 79, -80, -81, -82, -83, -84, 85, -86, -87, -88, -89, 90, -91, -92, -93, -94]
Product 433: [1, 2, 3, 4, 5, 6, 7, 8, 9, 10, -11, 12, 13, 14, 15, 16, 17, 18, 19, 20, 21, 22, 23, 24, -25, 26, -27, -28, 29, 30, 31, 32, -33, 34, 35, 36, 37, -38, -39, 40, -41, 42, 43, -44, 45, 46, 47, 48, 49, -50, 51, 52, 53, 54, 55, 56, -57, 58, -59, -60, -61, -62, -63, -64, -65, 66, -67, -68, -69, 70, -71, 72, -73, -74, -75, 76, -77, 78, 79, -80, -81, -82, -83, -84, -85, 86, -87, -88, -89, 90, -91, -92, -93, -94]
Product 844: [1, 2, 3, 4, 5, 6, 7, 8, 9, 10, -11, 12, 13, 14, 15, 16, 17, 18, 19, 20, 21, 22, 23, 24, 25, 26, 27, -28, 29, 30, 31, 32, 33, -34, 35, 36, -37, 38, 39, -40, 41, -42, 43, -44, 45, 46, 47, 48, 49, 50, -51, 52, 53, 54, 55, 56, 57, 58, 59, -60, -61, -62, 63, -64, -65, -66, -67, -68, -69, 70, 71, -72, -73, 74, -75, -76, -77, 78, -79, 80, 81, 82, -83, -84, -85, -86, -87, -88, -89, -90, -91, -92, -93, -94]
Product 918: [1, 2, 3, 4, 5, 6, 7, 8, 9, 10, 11, 12, 13, 14, 15, 16, 17, 18, 19, 20, 21, 22, -23, -24, 25, 26, -27, 28, 29, 30, 31, 32, 33, -34, 35, 36, 37, -38, -39, 40, 41, -42, 43, -44, 45, -46, 47, 48, 49, 50, -51, 52, 53, 54, 55, 56, -57, 58, -59, -60, -61, 62, -63, -64, -65, -66, -67, -68, -69, 70, -71, 72, -73, -74, -75, 76, -77, -78, 79, -80, -81, -82, -83, -84, -85, 86, -87, -88, -89, 90, -91, -92, -93, -94]

Product Line Solution 4		 Objectives: 1.0 15.0 1814.0 
Product 676: [1, 2, 3, 4, 5, 6, 7, 8, 9, 10, 11, 12, 13, 14, 15, 16, 17, 18, 19, 20, -21, 22, -23, 24, 25, 26, 27, 28, 29, 30, 31, 32, 33, -34, 35, 36, 37, -38, 39, -40, 41, -42, 43, -44, 45, 46, -47, 48, 49, 50, -51, 52, 53, 54, 55, 56, -57, 58, 59, -60, -61, 62, -63, -64, -65, -66, -67, -68, -69, 70, 71, -72, -73, 74, -75, -76, -77, -78, -79, -80, -81, -82, -83, -84, -85, -86, -87, -88, -89, -90, -91, -92, -93, -94]
Product 825: [1, 2, 3, 4, 5, 6, 7, 8, 9, 10, -11, 12, 13, 14, 15, 16, 17, 18, 19, 20, 21, 22, -23, 24, 25, 26, 27, -28, 29, 30, 31, 32, -33, 34, 35, 36, -37, 38, -39, 40, -41, 42, 43, -44, 45, 46, -47, 48, 49, 50, -51, 52, 53, 54, 55, 56, -57, 58, 59, 60, -61, -62, -63, -64, -65, -66, -67, 68, -69, 70, -71, 72, -73, -74, -75, -76, 77, -78, -79, -80, -81, -82, 83, -84, -85, -86, 87, -88, -89, -90, -91, -92, 93, -94]
Product 86: [1, 2, 3, 4, 5, 6, 7, 8, 9, 10, -11, 12, 13, 14, 15, 16, 17, 18, 19, 20, -21, 22, -23, -24, 25, 26, 27, -28, 29, 30, 31, 32, 33, -34, 35, 36, -37, 38, 39, -40, -41, 42, -43, 44, 45, 46, 47, 48, 49, -50, 51, 52, 53, 54, 55, 56, -57, 58, -59, 60, 61, -62, -63, -64, -65, -66, -67, -68, -69, 70, -71, 72, -73, 74, -75, -76, -77, 78, 79, -80, -81, -82, -83, 84, -85, 86, -87, -88, -89, -90, -91, -92, -93, -94]
Product 602: [1, 2, 3, 4, 5, 6, 7, 8, 9, 10, 11, 12, 13, 14, 15, 16, 17, 18, 19, 20, 21, 22, 23, 24, 25, 26, -27, 28, 29, 30, 31, 32, -33, 34, 35, 36, 37, -38, -39, 40, -41, 42, -43, 44, 45, -46, 47, 48, 49, 50, -51, 52, 53, 54, 55, 56, 57, 58, 59, 60, -61, -62, -63, -64, 65, -66, -67, -68, -69, 70, 71, -72, -73, -74, -75, -76, 77, 78, -79, 80, 81, 82, 83, -84, -85, -86, -87, -88, -89, -90, -91, -92, -93, 94]
Product 255: [1, 2, 3, 4, 5, 6, 7, 8, 9, 10, -11, 12, 13, 14, 15, 16, 17, 18, 19, 20, 21, 22, 23, 24, 25, 26, 27, 28, 29, 30, 31, 32, 33, -34, 35, 36, 37, -38, -39, 40, -41, 42, -43, 44, 45, 46, 47, 48, 49, -50, 51, 52, 53, 54, 55, 56, -57, 58, 59, 60, 61, -62, -63, -64, -65, -66, -67, -68, -69, 70, -71, 72, -73, -74, -75, -76, 77, -78, 79, -80, -81, -82, -83, 84, -85, -86, 87, -88, -89, -90, -91, 92, -93, -94]
Product 764: [1, 2, 3, 4, 5, 6, 7, 8, 9, 10, 11, 12, 13, 14, 15, 16, 17, 18, 19, 20, -21, 22, -23, -24, 25, 26, 27, 28, 29, 30, 31, 32, -33, 34, 35, 36, 37, -38, -39, 40, 41, -42, 43, -44, 45, -46, 47, 48, 49, -50, 51, 52, 53, 54, 55, 56, 57, 58, 59, -60, -61, -62, -63, -64, -65, -66, 67, -68, -69, 70, 71, -72, -73, -74, -75, 76, -77, 78, 79, 80, 81, 82, -83, -84, -85, -86, -87, -88, -89, 90, -91, -92, -93, -94]
Product 3: [1, 2, 3, 4, 5, 6, 7, 8, 9, 10, -11, 12, 13, 14, 15, 16, 17, 18, 19, 20, -21, 22, -23, -24, 25, 26, 27, -28, 29, 30, 31, 32, 33, -34, 35, 36, 37, -38, -39, 40, -41, 42, 43, -44, 45, -46, 47, 48, 49, -50, 51, 52, 53, 54, 55, 56, -57, 58, -59, 60, -61, -62, -63, 64, -65, -66, -67, -68, -69, 70, -71, 72, -73, -74, -75, -76, 77, 78, -79, -80, -81, -82, 83, -84, -85, 86, -87, -88, -89, -90, -91, 92, -93, -94]
Product 753: [1, 2, 3, 4, 5, 6, 7, 8, 9, 10, 11, 12, 13, 14, 15, 16, 17, 18, 19, 20, 21, 22, 23, -24, 25, 26, -27, -28, 29, 30, 31, 32, -33, 34, 35, 36, 37, -38, -39, 40, -41, 42, 43, -44, 45, -46, 47, 48, 49, 50, -51, 52, 53, 54, 55, 56, 57, 58, -59, 60, -61, -62, -63, -64, -65, 66, -67, -68, -69, 70, -71, 72, -73, -74, -75, -76, 77, 78, 79, 80, 81, 82, 83, -84, 85, -86, -87, -88, -89, -90, -91, -92, 93, -94]
Product 343: [1, 2, 3, 4, 5, 6, 7, 8, 9, 10, 11, 12, 13, 14, 15, 16, 17, 18, 19, 20, 21, 22, -23, -24, 25, 26, 27, -28, 29, 30, 31, 32, 33, -34, 35, 36, -37, 38, -39, 40, -41, 42, -43, 44, 45, -46, -47, 48, 49, 50, -51, 52, 53, 54, 55, 56, 57, 58, 59, -60, -61, -62, 63, -64, -65, -66, -67, -68, -69, 70, -71, 72, -73, -74, -75, 76, -77, -78, -79, 80, 81, 82, -83, -84, 85, -86, -87, -88, 89, -90, -91, -92, -93, -94]
Product 169: [1, 2, 3, 4, 5, 6, 7, 8, 9, 10, -11, 12, 13, 14, 15, 16, 17, 18, 19, 20, -21, 22, -23, -24, 25, 26, -27, 28, 29, 30, 31, 32, -33, 34, 35, 36, 37, -38, 39, -40, -41, 42, -43, 44, 45, -46, -47, 48, 49, -50, 51, 52, 53, 54, 55, 56, -57, 58, -59, 60, -61, -62, -63, -64, -65, -66, 67, -68, -69, 70, 71, -72, -73, -74, 75, -76, -77, -78, -79, -80, -81, -82, 83, -84, -85, -86, -87, -88, -89, -90, -91, -92, -93, -94]
Product 743: [1, 2, 3, 4, 5, 6, 7, 8, 9, 10, 11, 12, 13, 14, 15, 16, 17, 18, 19, 20, 21, 22, -23, 24, 25, 26, -27, -28, 29, 30, 31, 32, -33, 34, 35, 36, -37, 38, -39, 40, -41, 42, 43, -44, 45, -46, 47, 48, 49, -50, 51, 52, 53, 54, 55, 56, -57, 58, 59, 60, -61, -62, -63, -64, -65, 66, -67, -68, -69, 70, -71, 72, -73, -74, -75, 76, -77, 78, 79, -80, -81, -82, 83, -84, -85, 86, -87, -88, -89, -90, 91, -92, -93, -94]
Product 157: [1, 2, 3, 4, 5, 6, 7, 8, 9, 10, 11, 12, 13, 14, 15, 16, 17, 18, 19, 20, 21, 22, 23, -24, 25, 26, -27, -28, 29, 30, 31, 32, 33, -34, 35, 36, 37, -38, 39, -40, 41, -42, 43, -44, 45, -46, -47, 48, 49, 50, -51, 52, 53, 54, 55, 56, -57, 58, 59, -60, -61, -62, -63, 64, -65, -66, -67, -68, -69, 70, -71, 72, -73, -74, 75, -76, -77, -78, -79, -80, -81, -82, -83, -84, 85, -86, -87, -88, -89, -90, -91, -92, -93, -94]
Product 649: [1, 2, 3, 4, 5, 6, 7, 8, 9, 10, -11, 12, 13, 14, 15, 16, 17, 18, 19, 20, 21, 22, -23, 24, -25, 26, -27, 28, 29, 30, 31, 32, 33, -34, 35, 36, -37, 38, 39, -40, 41, -42, 43, -44, 45, -46, 47, 48, 49, -50, 51, 52, 53, 54, 55, 56, -57, 58, -59, -60, -61, -62, 63, -64, -65, -66, -67, -68, -69, 70, -71, 72, 73, -74, -75, -76, -77, -78, 79, -80, -81, -82, -83, -84, 85, -86, -87, -88, -89, -90, -91, -92, -93, -94]
Product 795: [1, 2, 3, 4, 5, 6, 7, 8, 9, 10, 11, 12, 13, 14, 15, 16, 17, 18, 19, 20, 21, 22, 23, -24, 25, 26, 27, 28, 29, 30, 31, 32, 33, -34, 35, 36, 37, -38, -39, 40, 41, -42, 43, -44, 45, -46, -47, 48, 49, 50, -51, 52, 53, 54, 55, 56, -57, 58, 59, 60, 61, -62, -63, -64, -65, -66, -67, -68, -69, 70, -71, 72, -73, -74, -75, 76, -77, -78, -79, -80, -81, -82, -83, 84, -85, 86, -87, 88, -89, -90, -91, -92, -93, -94]
Product 207: [1, 2, 3, 4, 5, 6, 7, 8, 9, 10, 11, 12, 13, 14, 15, 16, 17, 18, 19, 20, 21, 22, -23, -24, 25, 26, 27, -28, 29, 30, 31, 32, -33, 34, 35, 36, 37, -38, -39, 40, 41, -42, 43, -44, 45, 46, 47, 48, 49, 50, -51, 52, 53, 54, 55, 56, -57, 58, 59, 60, -61, -62, -63, -64, -65, -66, -67, 68, -69, 70, -71, 72, -73, -74, -75, -76, 77, -78, 79, -80, -81, -82, -83, 84, -85, 86, -87, -88, -89, -90, -91, -92, -93, 94]
Product 169: [1, 2, 3, 4, 5, 6, 7, 8, 9, 10, -11, 12, 13, 14, 15, 16, 17, 18, 19, 20, -21, 22, -23, -24, 25, 26, -27, 28, 29, 30, 31, 32, -33, 34, 35, 36, 37, -38, 39, -40, -41, 42, -43, 44, 45, -46, -47, 48, 49, -50, 51, 52, 53, 54, 55, 56, -57, 58, -59, 60, -61, -62, -63, -64, -65, -66, 67, -68, -69, 70, 71, -72, -73, -74, 75, -76, -77, -78, -79, -80, -81, -82, 83, -84, -85, -86, -87, -88, -89, -90, -91, -92, -93, -94]

Product Line Solution 5		 Objectives: 0.0 15.0 1821.0 
Product 281: [1, 2, 3, 4, 5, 6, 7, 8, 9, 10, 11, 12, 13, 14, 15, 16, 17, 18, 19, 20, 21, 22, -23, -24, 25, 26, -27, -28, 29, 30, 31, 32, 33, -34, 35, 36, 37, -38, -39, 40, 41, -42, 43, -44, 45, 46, 47, 48, 49, -50, 51, 52, 53, 54, 55, 56, -57, 58, -59, 60, -61, 62, -63, -64, -65, -66, -67, -68, -69, 70, -71, 72, -73, -74, -75, -76, 77, -78, 79, -80, -81, -82, -83, 84, -85, 86, -87, -88, -89, -90, -91, 92, -93, -94]
Product 211: [1, 2, 3, 4, 5, 6, 7, 8, 9, 10, -11, 12, 13, 14, 15, 16, 17, 18, 19, 20, 21, 22, 23, -24, -25, 26, -27, 28, 29, 30, 31, 32, 33, -34, 35, 36, 37, -38, -39, 40, -41, 42, -43, 44, 45, -46, 47, 48, 49, -50, 51, 52, 53, 54, 55, 56, -57, 58, -59, -60, 61, -62, -63, -64, -65, -66, -67, -68, -69, 70, -71, 72, -73, -74, -75, 76, -77, 78, 79, -80, -81, -82, -83, -84, -85, 86, -87, -88, -89, 90, -91, -92, -93, -94]
Product 444: [1, 2, 3, 4, 5, 6, 7, 8, 9, 10, 11, 12, 13, 14, 15, 16, 17, 18, 19, 20, 21, 22, 23, -24, 25, 26, 27, 28, 29, 30, 31, 32, 33, -34, 35, 36, 37, -38, -39, 40, 41, -42, 43, -44, 45, 46, 47, 48, 49, 50, -51, 52, 53, 54, 55, 56, -57, 58, -59, 60, -61, 62, -63, -64, -65, -66, -67, -68, -69, 70, -71, 72, -73, -74, -75, 76, -77, 78, 79, -80, -81, -82, -83, 84, 85, -86, -87, -88, -89, 90, -91, -92, -93, -94]
Product 825: [1, 2, 3, 4, 5, 6, 7, 8, 9, 10, -11, 12, 13, 14, 15, 16, 17, 18, 19, 20, 21, 22, -23, 24, 25, 26, 27, -28, 29, 30, 31, 32, -33, 34, 35, 36, -37, 38, -39, 40, -41, 42, 43, -44, 45, 46, -47, 48, 49, 50, -51, 52, 53, 54, 55, 56, -57, 58, 59, 60, -61, -62, -63, -64, -65, -66, -67, 68, -69, 70, -71, 72, -73, -74, -75, -76, 77, -78, -79, -80, -81, -82, 83, -84, -85, -86, 87, -88, -89, -90, -91, -92, 93, -94]
Product 325: [1, 2, 3, 4, 5, 6, 7, 8, 9, 10, -11, 12, 13, 14, 15, 16, 17, 18, 19, 20, -21, 22, -23, -24, 25, 26, 27, 28, 29, 30, 31, 32, 33, -34, 35, 36, -37, 38, -39, 40, -41, 42, -43, 44, 45, 46, -47, 48, 49, 50, -51, 52, 53, 54, 55, 56, 57, 58, 59, -60, 61, -62, -63, -64, -65, -66, -67, -68, -69, 70, -71, 72, -73, -74, -75, 76, -77, -78, -79, 80, 81, 82, -83, -84, -85, -86, 87, -88, -89, -90, 91, -92, -93, -94]
Product 67: [1, 2, 3, 4, 5, 6, 7, 8, 9, 10, -11, 12, 13, 14, 15, 16, 17, 18, 19, 20, 21, 22, -23, 24, 25, 26, -27, -28, 29, 30, 31, 32, 33, -34, 35, 36, -37, 38, -39, 40, 41, -42, 43, -44, 45, 46, -47, 48, 49, 50, -51, 52, 53, 54, 55, 56, 57, 58, 59, 60, 61, -62, -63, -64, -65, -66, -67, -68, -69, 70, 71, -72, -73, -74, -75, -76, 77, -78, -79, 80, 81, 82, 83, -84, -85, -86, -87, -88, -89, -90, -91, -92, -93, 94]
Product 906: [1, 2, 3, 4, 5, 6, 7, 8, 9, 10, -11, 12, 13, 14, 15, 16, 17, 18, 19, 20, 21, 22, -23, 24, 25, 26, 27, -28, 29, 30, 31, 32, -33, 34, 35, 36, 37, -38, -39, 40, -41, 42, -43, 44, 45, -46, 47, 48, 49, -50, 51, 52, 53, 54, 55, 56, 57, 58, 59, -60, -61, -62, -63, -64, 65, -66, -67, -68, -69, 70, -71, 72, -73, -74, -75, 76, -77, -78, 79, 80, 81, 82, -83, -84, -85, -86, 87, -88, -89, -90, 91, -92, -93, -94]
Product 697: [1, 2, 3, 4, 5, 6, 7, 8, 9, 10, -11, 12, 13, 14, 15, 16, 17, 18, 19, 20, 21, 22, 23, 24, 25, 26, -27, 28, 29, 30, 31, 32, 33, -34, 35, 36, -37, 38, -39, 40, -41, 42, -43, 44, 45, -46, 47, 48, 49, 50, -51, 52, 53, 54, 55, 56, 57, 58, 59, 60, -61, -62, 63, -64, -65, -66, -67, -68, -69, 70, 71, -72, -73, -74, -75, 76, -77, 78, -79, 80, 81, 82, -83, 84, -85, -86, -87, -88, 89, -90, -91, -92, -93, -94]
Product 656: [1, 2, 3, 4, 5, 6, 7, 8, 9, 10, -11, 12, 13, 14, 15, 16, 17, 18, 19, 20, -21, 22, -23, -24, 25, 26, 27, 28, 29, 30, 31, 32, 33, -34, 35, 36, -37, 38, -39, 40, -41, 42, -43, 44, 45, 46, 47, 48, 49, 50, -51, 52, 53, 54, 55, 56, -57, 58, 59, 60, -61, -62, -63, 64, -65, -66, -67, -68, -69, 70, 71, -72, -73, -74, -75, 76, -77, 78, -79, -80, -81, -82, -83, 84, -85, -86, -87, 88, -89, -90, -91, -92, -93, -94]
Product 576: [1, 2, 3, 4, 5, 6, 7, 8, 9, 10, 11, 12, 13, 14, 15, 16, 17, 18, 19, 20, 21, 22, 23, 24, 25, 26, 27, 28, 29, 30, 31, 32, 33, -34, 35, 36, 37, -38, 39, -40, -41, 42, 43, -44, 45, -46, 47, 48, 49, -50, 51, 52, 53, 54, 55, 56, 57, 58, -59, -60, -61, 62, -63, -64, -65, -66, -67, -68, -69, 70, -71, 72, 73, -74, -75, -76, -77, 78, -79, 80, 81, 82, -83, -84, -85, 86, -87, -88, -89, -90, -91, -92, -93, -94]
Product 424: [1, 2, 3, 4, 5, 6, 7, 8, 9, 10, -11, 12, 13, 14, 15, 16, 17, 18, 19, 20, 21, 22, 23, 24, -25, 26, -27, -28, 29, 30, 31, 32, -33, 34, 35, 36, 37, -38, 39, -40, 41, -42, 43, -44, 45, 46, 47, 48, 49, 50, -51, 52, 53, 54, 55, 56, -57, 58, -59, -60, -61, -62, -63, -64, 65, -66, -67, -68, -69, 70, -71, 72, -73, -74, 75, -76, -77, -78, 79, -80, -81, -82, -83, -84, -85, 86, -87, -88, -89, -90, -91, -92, -93, -94]
Product 40: [1, 2, 3, 4, 5, 6, 7, 8, 9, 10, 11, 12, 13, 14, 15, 16, 17, 18, 19, 20, -21, 22, -23, 24, -25, 26, -27, 28, 29, 30, 31, 32, -33, 34, 35, 36, 37, -38, -39, 40, 41, -42, 43, -44, 45, -46, -47, 48, 49, 50, -51, 52, 53, 54, 55, 56, -57, 58, -59, -60, -61, -62, -63, -64, -65, -66, 67, -68, -69, 70, 71, -72, -73, -74, -75, -76, 77, -78, -79, -80, -81, -82, -83, -84, -85, -86, -87, -88, -89, -90, -91, -92, 93, -94]
Product 194: [1, 2, 3, 4, 5, 6, 7, 8, 9, 10, 11, 12, 13, 14, 15, 16, 17, 18, 19, 20, -21, 22, -23, -24, 25, 26, 27, -28, 29, 30, 31, 32, 33, -34, 35, 36, 37, -38, 39, -40, -41, 42, 43, -44, 45, -46, -47, 48, 49, -50, 51, 52, 53, 54, 55, 56, -57, 58, 59, 60, -61, -62, 63, -64, -65, -66, -67, -68, -69, 70, -71, 72, -73, 74, -75, -76, -77, -78, -79, -80, -81, -82, -83, 84, -85, 86, -87, -88, -89, -90, -91, -92, -93, -94]
Product 114: [1, 2, 3, 4, 5, 6, 7, 8, 9, 10, 11, 12, 13, 14, 15, 16, 17, 18, 19, 20, -21, 22, -23, 24, 25, 26, -27, -28, 29, 30, 31, 32, -33, 34, 35, 36, 37, -38, 39, -40, 41, -42, 43, -44, 45, 46, 47, 48, 49, 50, -51, 52, 53, 54, 55, 56, -57, 58, 59, -60, -61, -62, -63, -64, -65, 66, -67, -68, -69, 70, 71, -72, -73, 74, -75, -76, -77, 78, -79, -80, -81, -82, -83, -84, -85, -86, -87, -88, -89, -90, -91, -92, -93, -94]
Product 167: [1, 2, 3, 4, 5, 6, 7, 8, 9, 10, -11, 12, 13, 14, 15, 16, 17, 18, 19, 20, 21, 22, 23, -24, 25, 26, -27, -28, 29, 30, 31, 32, -33, 34, 35, 36, -37, 38, -39, 40, -41, 42, -43, 44, 45, -46, 47, 48, 49, -50, 51, 52, 53, 54, 55, 56, 57, 58, 59, 60, -61, -62, -63, -64, -65, -66, -67, -68, 69, 70, -71, 72, -73, -74, -75, 76, -77, 78, 79, 80, 81, 82, 83, -84, -85, 86, -87, -88, -89, 90, -91, -92, -93, -94]

Product Line Solution 6		 Objectives: 2.0 11.0 1336.0 
Product 348: [1, 2, 3, 4, 5, 6, 7, 8, 9, 10, 11, 12, 13, 14, 15, 16, 17, 18, 19, 20, 21, 22, 23, 24, 25, 26, -27, 28, 29, 30, 31, 32, 33, -34, 35, 36, -37, 38, -39, 40, 41, -42, 43, -44, 45, 46, 47, 48, 49, -50, 51, 52, 53, 54, 55, 56, -57, 58, -59, 60, -61, 62, -63, -64, -65, -66, -67, -68, -69, 70, -71, 72, -73, -74, -75, 76, -77, -78, 79, -80, -81, -82, 83, -84, -85, 86, -87, -88, 89, -90, -91, -92, -93, -94]
Product 203: [1, 2, 3, 4, 5, 6, 7, 8, 9, 10, 11, 12, 13, 14, 15, 16, 17, 18, 19, 20, 21, 22, 23, -24, 25, 26, 27, 28, 29, 30, 31, 32, 33, -34, 35, 36, -37, 38, -39, 40, -41, 42, -43, 44, 45, -46, 47, 48, 49, -50, 51, 52, 53, 54, 55, 56, 57, 58, 59, 60, -61, 62, -63, -64, -65, -66, -67, -68, -69, 70, -71, 72, -73, -74, -75, 76, -77, -78, 79, 80, 81, 82, -83, 84, 85, -86, -87, -88, 89, -90, -91, -92, -93, -94]
Product 169: [1, 2, 3, 4, 5, 6, 7, 8, 9, 10, -11, 12, 13, 14, 15, 16, 17, 18, 19, 20, -21, 22, -23, -24, 25, 26, -27, 28, 29, 30, 31, 32, -33, 34, 35, 36, 37, -38, 39, -40, -41, 42, -43, 44, 45, -46, -47, 48, 49, -50, 51, 52, 53, 54, 55, 56, -57, 58, -59, 60, -61, -62, -63, -64, -65, -66, 67, -68, -69, 70, 71, -72, -73, -74, 75, -76, -77, -78, -79, -80, -81, -82, 83, -84, -85, -86, -87, -88, -89, -90, -91, -92, -93, -94]
Product 531: [1, 2, 3, 4, 5, 6, 7, 8, 9, 10, 11, 12, 13, 14, 15, 16, 17, 18, 19, 20, 21, 22, 23, -24, 25, 26, 27, -28, 29, 30, 31, 32, -33, 34, 35, 36, -37, 38, 39, -40, -41, 42, 43, -44, 45, 46, 47, 48, 49, -50, 51, 52, 53, 54, 55, 56, -57, 58, 59, -60, -61, -62, -63, -64, 65, -66, -67, -68, -69, 70, 71, -72, 73, -74, -75, -76, -77, 78, -79, -80, -81, -82, -83, -84, -85, -86, -87, -88, -89, -90, -91, -92, -93, -94]
Product 358: [1, 2, 3, 4, 5, 6, 7, 8, 9, 10, 11, 12, 13, 14, 15, 16, 17, 18, 19, 20, 21, 22, 23, -24, -25, 26, 27, -28, 29, 30, 31, 32, -33, 34, 35, 36, -37, 38, -39, 40, 41, -42, 43, -44, 45, -46, -47, 48, 49, -50, 51, 52, 53, 54, 55, 56, 57, 58, -59, -60, -61, -62, -63, -64, -65, -66, -67, -68, 69, 70, 71, -72, -73, -74, -75, -76, 77, -78, -79, 80, 81, 82, -83, -84, -85, -86, -87, -88, -89, -90, -91, -92, 93, -94]
Product 931: [1, 2, 3, 4, 5, 6, 7, 8, 9, 10, 11, 12, 13, 14, 15, 16, 17, 18, 19, 20, 21, 22, -23, 24, 25, 26, 27, -28, 29, 30, 31, 32, -33, 34, 35, 36, 37, -38, -39, 40, -41, 42, -43, 44, 45, -46, 47, 48, 49, 50, -51, 52, 53, 54, 55, 56, -57, 58, 59, 60, -61, -62, -63, -64, -65, 66, -67, -68, -69, 70, -71, 72, -73, -74, -75, -76, 77, -78, 79, -80, -81, -82, 83, -84, 85, -86, -87, -88, -89, -90, -91, 92, -93, -94]
Product 379: [1, 2, 3, 4, 5, 6, 7, 8, 9, 10, 11, 12, 13, 14, 15, 16, 17, 18, 19, 20, 21, 22, -23, -24, 25, 26, 27, 28, 29, 30, 31, 32, 33, -34, 35, 36, -37, 38, 39, -40, 41, -42, 43, -44, 45, -46, 47, 48, 49, -50, 51, 52, 53, 54, 55, 56, -57, 58, 59, -60, 61, -62, -63, -64, -65, -66, -67, -68, -69, 70, -71, 72, -73, 74, -75, -76, -77, -78, 79, -80, -81, -82, -83, -84, -85, -86, 87, -88, -89, -90, -91, -92, -93, -94]
Product 386: [1, 2, 3, 4, 5, 6, 7, 8, 9, 10, -11, 12, 13, 14, 15, 16, 17, 18, 19, 20, 21, 22, -23, -24, 25, 26, -27, 28, 29, 30, 31, 32, 33, -34, 35, 36, 37, -38, -39, 40, -41, 42, -43, 44, 45, -46, -47, 48, 49, 50, -51, 52, 53, 54, 55, 56, 57, 58, 59, -60, -61, 62, -63, -64, -65, -66, -67, -68, -69, 70, -71, 72, -73, -74, -75, 76, -77, -78, -79, 80, 81, 82, -83, -84, -85, 86, -87, -88, -89, 90, -91, -92, -93, -94]
Product 405: [1, 2, 3, 4, 5, 6, 7, 8, 9, 10, 11, 12, 13, 14, 15, 16, 17, 18, 19, 20, 21, 22, -23, -24, -25, 26, -27, -28, 29, 30, 31, 32, -33, 34, 35, 36, -37, 38, -39, 40, 41, -42, 43, -44, 45, 46, 47, 48, 49, 50, -51, 52, 53, 54, 55, 56, -57, 58, -59, -60, -61, -62, -63, -64, -65, -66, -67, -68, 69, 70, 71, -72, -73, -74, -75, 76, -77, 78, -79, -80, -81, -82, -83, -84, -85, -86, -87, 88, -89, -90, -91, -92, -93, -94]
Product 659: [1, 2, 3, 4, 5, 6, 7, 8, 9, 10, -11, 12, 13, 14, 15, 16, 17, 18, 19, 20, 21, 22, 23, -24, 25, 26, 27, 28, 29, 30, 31, 32, 33, -34, 35, 36, -37, 38, -39, 40, -41, 42, -43, 44, 45, 46, 47, 48, 49, 50, -51, 52, 53, 54, 55, 56, -57, 58, 59, -60, -61, -62, 63, -64, -65, -66, -67, -68, -69, 70, 71, -72, -73, -74, -75, 76, -77, 78, 79, -80, -81, -82, -83, -84, -85, -86, -87, -88, -89, -90, 91, -92, -93, -94]
Product 951: [1, 2, 3, 4, 5, 6, 7, 8, 9, 10, -11, 12, 13, 14, 15, 16, 17, 18, 19, 20, 21, 22, 23, -24, 25, 26, 27, 28, 29, 30, 31, 32, -33, 34, 35, 36, -37, 38, 39, -40, 41, -42, 43, -44, 45, -46, 47, 48, 49, 50, -51, 52, 53, 54, 55, 56, 57, 58, -59, 60, -61, -62, -63, -64, -65, -66, -67, 68, -69, 70, -71, 72, -73, -74, 75, -76, -77, 78, 79, 80, 81, 82, -83, 84, -85, -86, 87, -88, -89, -90, -91, -92, -93, -94]

