Product Line Solution 1		 Objectives: 0.0 15.0 1809.0 
Product 316: [1, 2, 3, 4, 5, 6, 7, 8, 9, 10, 11, 12, 13, 14, 15, 16, 17, 18, 19, 20, 21, 22, 23, -24, 25, 26, 27, -28, 29, 30, 31, 32, 33, -34, 35, 36, 37, -38, -39, 40, -41, 42, -43, 44, 45, 46, 47, 48, 49, -50, 51, 52, 53, 54, 55, 56, -57, 58, -59, 60, 61, -62, -63, -64, -65, -66, -67, -68, -69, 70, -71, 72, -73, -74, -75, 76, -77, 78, 79, -80, -81, -82, 83, -84, -85, -86, 87, -88, -89, -90, 91, -92, -93, -94]
Product 173: [1, 2, 3, 4, 5, 6, 7, 8, 9, 10, -11, 12, 13, 14, 15, 16, 17, 18, 19, 20, 21, 22, 23, -24, -25, 26, 27, -28, 29, 30, 31, 32, 33, -34, 35, 36, 37, -38, -39, 40, 41, -42, 43, -44, 45, -46, 47, 48, 49, -50, 51, 52, 53, 54, 55, 56, 57, 58, -59, -60, -61, -62, 63, -64, -65, -66, -67, -68, -69, 70, -71, 72, -73, -74, -75, -76, 77, 78, -79, 80, 81, 82, -83, -84, -85, -86, 87, -88, -89, -90, -91, -92, -93, 94]
Product 654: [1, 2, 3, 4, 5, 6, 7, 8, 9, 10, 11, 12, 13, 14, 15, 16, 17, 18, 19, 20, 21, 22, 23, -24, 25, 26, 27, -28, 29, 30, 31, 32, 33, -34, 35, 36, 37, -38, -39, 40, -41, 42, -43, 44, 45, 46, -47, 48, 49, -50, 51, 52, 53, 54, 55, 56, -57, 58, 59, 60, -61, 62, -63, -64, -65, -66, -67, -68, -69, 70, 71, -72, -73, -74, -75, 76, -77, -78, -79, -80, -81, -82, -83, 84, -85, -86, -87, -88, -89, -90, 91, -92, -93, -94]
Product 267: [1, 2, 3, 4, 5, 6, 7, 8, 9, 10, 11, 12, 13, 14, 15, 16, 17, 18, 19, 20, 21, 22, 23, 24, 25, 26, 27, 28, 29, 30, 31, 32, -33, 34, 35, 36, 37, -38, -39, 40, -41, 42, 43, -44, 45, -46, 47, 48, 49, 50, -51, 52, 53, 54, 55, 56, -57, 58, -59, -60, -61, -62, -63, -64, -65, 66, -67, -68, -69, 70, -71, 72, -73, -74, -75, 76, -77, -78, 79, -80, -81, -82, -83, -84, 85, -86, -87, 88, -89, -90, -91, -92, -93, -94]
Product 386: [1, 2, 3, 4, 5, 6, 7, 8, 9, 10, -11, 12, 13, 14, 15, 16, 17, 18, 19, 20, 21, 22, -23, -24, 25, 26, -27, 28, 29, 30, 31, 32, 33, -34, 35, 36, 37, -38, -39, 40, -41, 42, -43, 44, 45, -46, -47, 48, 49, 50, -51, 52, 53, 54, 55, 56, 57, 58, 59, -60, -61, 62, -63, -64, -65, -66, -67, -68, -69, 70, -71, 72, -73, -74, -75, 76, -77, -78, -79, 80, 81, 82, -83, -84, -85, 86, -87, -88, -89, 90, -91, -92, -93, -94]
Product 65: [1, 2, 3, 4, 5, 6, 7, 8, 9, 10, 11, 12, 13, 14, 15, 16, 17, 18, 19, 20, -21, 22, -23, 24, 25, 26, -27, 28, 29, 30, 31, 32, -33, 34, 35, 36, -37, 38, 39, -40, 41, -42, 43, -44, 45, 46, 47, 48, 49, 50, -51, 52, 53, 54, 55, 56, -57, 58, 59, 60, -61, -62, -63, -64, -65, -66, -67, -68, 69, 70, -71, 72, -73, 74, -75, -76, -77, -78, 79, -80, -81, -82, -83, 84, -85, -86, 87, -88, -89, -90, -91, -92, -93, -94]
Product 557: [1, 2, 3, 4, 5, 6, 7, 8, 9, 10, 11, 12, 13, 14, 15, 16, 17, 18, 19, 20, -21, 22, -23, -24, -25, 26, 27, 28, 29, 30, 31, 32, 33, -34, 35, 36, -37, 38, -39, 40, -41, 42, -43, 44, 45, -46, 47, 48, 49, -50, 51, 52, 53, 54, 55, 56, -57, 58, -59, -60, -61, -62, -63, 64, -65, -66, -67, -68, -69, 70, -71, 72, -73, -74, -75, 76, -77, 78, 79, -80, -81, -82, -83, -84, 85, -86, -87, -88, 89, -90, -91, -92, -93, -94]
Product 90: [1, 2, 3, 4, 5, 6, 7, 8, 9, 10, -11, 12, 13, 14, 15, 16, 17, 18, 19, 20, 21, 22, 23, -24, 25, 26, -27, 28, 29, 30, 31, 32, -33, 34, 35, 36, 37, -38, 39, -40, -41, 42, 43, -44, 45, -46, -47, 48, 49, 50, -51, 52, 53, 54, 55, 56, -57, 58, -59, 60, -61, -62, -63, -64, -65, -66, -67, 68, -69, 70, 71, -72, -73, 74, -75, -76, -77, -78, -79, -80, -81, -82, 83, -84, -85, -86, -87, -88, -89, -90, -91, -92, -93, -94]
Product 123: [1, 2, 3, 4, 5, 6, 7, 8, 9, 10, -11, 12, 13, 14, 15, 16, 17, 18, 19, 20, 21, 22, 23, -24, -25, 26, 27, 28, 29, 30, 31, 32, -33, 34, 35, 36, -37, 38, 39, -40, -41, 42, 43, -44, 45, 46, -47, 48, 49, -50, 51, 52, 53, 54, 55, 56, 57, 58, -59, -60, -61, -62, -63, -64, -65, -66, -67, 68, -69, 70, -71, 72, -73, 74, -75, -76, -77, -78, -79, 80, 81, 82, -83, -84, -85, 86, -87, -88, -89, -90, -91, -92, -93, -94]
Product 206: [1, 2, 3, 4, 5, 6, 7, 8, 9, 10, 11, 12, 13, 14, 15, 16, 17, 18, 19, 20, 21, 22, 23, 24, 25, 26, 27, -28, 29, 30, 31, 32, -33, 34, 35, 36, 37, -38, 39, -40, 41, -42, 43, -44, 45, 46, -47, 48, 49, 50, -51, 52, 53, 54, 55, 56, 57, 58, 59, -60, -61, -62, -63, -64, 65, -66, -67, -68, -69, 70, -71, 72, 73, -74, -75, -76, -77, -78, -79, 80, 81, 82, -83, -84, -85, -86, 87, -88, -89, -90, -91, -92, -93, -94]
Product 734: [1, 2, 3, 4, 5, 6, 7, 8, 9, 10, -11, 12, 13, 14, 15, 16, 17, 18, 19, 20, 21, 22, -23, -24, 25, 26, -27, 28, 29, 30, 31, 32, 33, -34, 35, 36, 37, -38, 39, -40, -41, 42, 43, -44, 45, -46, 47, 48, 49, 50, -51, 52, 53, 54, 55, 56, 57, 58, 59, -60, -61, -62, -63, 64, -65, -66, -67, -68, -69, 70, -71, 72, -73, -74, 75, -76, -77, 78, -79, 80, 81, 82, -83, -84, 85, -86, -87, -88, -89, -90, -91, -92, -93, -94]
Product 702: [1, 2, 3, 4, 5, 6, 7, 8, 9, 10, 11, 12, 13, 14, 15, 16, 17, 18, 19, 20, 21, 22, -23, -24, 25, 26, -27, 28, 29, 30, 31, 32, -33, 34, 35, 36, -37, 38, 39, -40, -41, 42, 43, -44, 45, -46, 47, 48, 49, 50, -51, 52, 53, 54, 55, 56, -57, 58, -59, -60, -61, -62, -63, -64, -65, -66, -67, 68, -69, 70, -71, 72, -73, 74, -75, -76, -77, 78, -79, -80, -81, -82, -83, -84, 85, -86, -87, -88, -89, -90, -91, -92, -93, -94]
Product 847: [1, 2, 3, 4, 5, 6, 7, 8, 9, 10, -11, 12, 13, 14, 15, 16, 17, 18, 19, 20, 21, 22, 23, -24, -25, 26, -27, 28, 29, 30, 31, 32, 33, -34, 35, 36, -37, 38, -39, 40, -41, 42, 43, -44, 45, -46, 47, 48, 49, 50, -51, 52, 53, 54, 55, 56, 57, 58, -59, -60, -61, 62, -63, -64, -65, -66, -67, -68, -69, 70, 71, -72, -73, -74, -75, -76, 77, -78, 79, 80, 81, 82, -83, -84, -85, -86, -87, -88, -89, -90, -91, -92, 93, -94]
Product 515: [1, 2, 3, 4, 5, 6, 7, 8, 9, 10, -11, 12, 13, 14, 15, 16, 17, 18, 19, 20, -21, 22, -23, 24, -25, 26, -27, -28, 29, 30, 31, 32, -33, 34, 35, 36, 37, -38, -39, 40, 41, -42, 43, -44, 45, 46, 47, 48, 49, -50, 51, 52, 53, 54, 55, 56, 57, 58, -59, -60, -61, -62, -63, -64, -65, -66, 67, -68, -69, 70, -71, 72, -73, -74, -75, -76, 77, 78, 79, 80, 81, 82, -83, -84, -85, -86, 87, -88, -89, -90, -91, -92, 93, -94]
Product 732: [1, 2, 3, 4, 5, 6, 7, 8, 9, 10, -11, 12, 13, 14, 15, 16, 17, 18, 19, 20, 21, 22, 23, -24, -25, 26, -27, 28, 29, 30, 31, 32, -33, 34, 35, 36, 37, -38, -39, 40, 41, -42, 43, -44, 45, 46, -47, 48, 49, 50, -51, 52, 53, 54, 55, 56, 57, 58, -59, -60, -61, -62, -63, -64, -65, -66, -67, -68, 69, 70, -71, 72, -73, -74, -75, -76, 77, -78, -79, 80, 81, 82, -83, -84, 85, -86, -87, -88, -89, -90, -91, 92, -93, -94]

Product Line Solution 2		 Objectives: 9.0 7.0 906.0 
Product 835: [1, 2, 3, 4, 5, 6, 7, 8, 9, 10, -11, 12, 13, 14, 15, 16, 17, 18, 19, 20, 21, 22, 23, -24, 25, 26, -27, -28, 29, 30, 31, 32, 33, -34, 35, 36, 37, -38, -39, 40, -41, 42, -43, 44, 45, 46, 47, 48, 49, 50, -51, 52, 53, 54, 55, 56, 57, 58, 59, 60, -61, -62, 63, -64, -65, -66, -67, -68, -69, 70, -71, 72, -73, -74, -75, 76, -77, 78, -79, 80, 81, 82, -83, 84, -85, -86, 87, -88, -89, 90, -91, -92, -93, -94]
Product 512: [1, 2, 3, 4, 5, 6, 7, 8, 9, 10, -11, 12, 13, 14, 15, 16, 17, 18, 19, 20, 21, 22, -23, -24, 25, 26, -27, 28, 29, 30, 31, 32, 33, -34, 35, 36, 37, -38, 39, -40, -41, 42, 43, -44, 45, 46, 47, 48, 49, -50, 51, 52, 53, 54, 55, 56, -57, 58, -59, 60, 61, -62, -63, -64, -65, -66, -67, -68, -69, 70, -71, 72, -73, -74, 75, -76, -77, 78, 79, -80, -81, -82, -83, 84, -85, 86, -87, -88, -89, -90, -91, -92, -93, -94]
Product 415: [1, 2, 3, 4, 5, 6, 7, 8, 9, 10, -11, 12, 13, 14, 15, 16, 17, 18, 19, 20, 21, 22, 23, -24, 25, 26, 27, 28, 29, 30, 31, 32, -33, 34, 35, 36, -37, 38, -39, 40, -41, 42, -43, 44, 45, -46, 47, 48, 49, -50, 51, 52, 53, 54, 55, 56, -57, 58, 59, 60, -61, -62, -63, -64, 65, -66, -67, -68, -69, 70, -71, 72, -73, -74, -75, -76, 77, -78, 79, -80, -81, -82, 83, -84, -85, -86, 87, -88, -89, -90, -91, -92, 93, -94]
Product 833: [1, 2, 3, 4, 5, 6, 7, 8, 9, 10, -11, 12, 13, 14, 15, 16, 17, 18, 19, 20, -21, 22, -23, 24, -25, 26, -27, 28, 29, 30, 31, 32, -33, 34, 35, 36, -37, 38, 39, -40, 41, -42, 43, -44, 45, -46, -47, 48, 49, -50, 51, 52, 53, 54, 55, 56, 57, 58, -59, -60, -61, -62, -63, -64, -65, -66, 67, -68, -69, 70, -71, 72, -73, 74, -75, -76, -77, -78, -79, 80, 81, 82, -83, -84, 85, -86, -87, -88, -89, -90, -91, -92, -93, -94]
Product 421: [1, 2, 3, 4, 5, 6, 7, 8, 9, 10, 11, 12, 13, 14, 15, 16, 17, 18, 19, 20, -21, 22, -23, 24, 25, 26, 27, 28, 29, 30, 31, 32, 33, -34, 35, 36, -37, 38, -39, 40, 41, -42, 43, -44, 45, -46, -47, 48, 49, -50, 51, 52, 53, 54, 55, 56, -57, 58, -59, 60, -61, -62, 63, -64, -65, -66, -67, -68, -69, 70, -71, 72, -73, -74, -75, -76, 77, -78, -79, -80, -81, -82, 83, -84, -85, -86, 87, -88, -89, -90, -91, -92, -93, 94]
Product 604: [1, 2, 3, 4, 5, 6, 7, 8, 9, 10, -11, 12, 13, 14, 15, 16, 17, 18, 19, 20, 21, 22, -23, -24, 25, 26, 27, 28, 29, 30, 31, 32, -33, 34, 35, 36, 37, -38, -39, 40, -41, 42, -43, 44, 45, 46, 47, 48, 49, -50, 51, 52, 53, 54, 55, 56, -57, 58, 59, 60, -61, -62, -63, -64, -65, -66, -67, 68, -69, 70, -71, 72, -73, -74, -75, -76, 77, 78, -79, -80, -81, -82, 83, -84, 85, -86, -87, -88, -89, -90, -91, 92, -93, -94]
Product 929: [1, 2, 3, 4, 5, 6, 7, 8, 9, 10, -11, 12, 13, 14, 15, 16, 17, 18, 19, 20, -21, 22, -23, -24, 25, 26, 27, -28, 29, 30, 31, 32, -33, 34, 35, 36, -37, 38, -39, 40, -41, 42, -43, 44, 45, -46, 47, 48, 49, 50, -51, 52, 53, 54, 55, 56, 57, 58, 59, 60, -61, -62, -63, -64, 65, -66, -67, -68, -69, 70, -71, 72, -73, -74, -75, -76, 77, -78, 79, 80, 81, 82, -83, 84, -85, 86, -87, -88, -89, -90, -91, -92, -93, 94]

Product Line Solution 3		 Objectives: 2.0 11.0 1355.0 
Product 221: [1, 2, 3, 4, 5, 6, 7, 8, 9, 10, -11, 12, 13, 14, 15, 16, 17, 18, 19, 20, -21, 22, -23, 24, 25, 26, -27, -28, 29, 30, 31, 32, -33, 34, 35, 36, 37, -38, 39, -40, -41, 42, 43, -44, 45, -46, 47, 48, 49, -50, 51, 52, 53, 54, 55, 56, -57, 58, -59, -60, -61, -62, -63, -64, 65, -66, -67, -68, -69, 70, 71, -72, -73, 74, -75, -76, -77, 78, -79, -80, -81, -82, -83, -84, -85, -86, -87, -88, -89, -90, -91, -92, -93, -94]
Product 806: [1, 2, 3, 4, 5, 6, 7, 8, 9, 10, -11, 12, 13, 14, 15, 16, 17, 18, 19, 20, 21, 22, 23, 24, 25, 26, -27, 28, 29, 30, 31, 32, -33, 34, 35, 36, -37, 38, -39, 40, -41, 42, -43, 44, 45, 46, 47, 48, 49, 50, -51, 52, 53, 54, 55, 56, -57, 58, 59, 60, -61, -62, -63, -64, -65, 66, -67, -68, -69, 70, -71, 72, -73, -74, -75, 76, -77, 78, 79, -80, -81, -82, 83, -84, -85, 86, -87, 88, -89, -90, -91, -92, -93, -94]
Product 518: [1, 2, 3, 4, 5, 6, 7, 8, 9, 10, 11, 12, 13, 14, 15, 16, 17, 18, 19, 20, 21, 22, -23, -24, -25, 26, 27, 28, 29, 30, 31, 32, -33, 34, 35, 36, -37, 38, -39, 40, -41, 42, -43, 44, 45, 46, 47, 48, 49, -50, 51, 52, 53, 54, 55, 56, 57, 58, -59, -60, -61, -62, -63, -64, -65, -66, -67, 68, -69, 70, -71, 72, -73, -74, -75, 76, -77, 78, 79, 80, 81, 82, -83, -84, -85, -86, 87, -88, -89, -90, 91, -92, -93, -94]
Product 841: [1, 2, 3, 4, 5, 6, 7, 8, 9, 10, 11, 12, 13, 14, 15, 16, 17, 18, 19, 20, 21, 22, -23, 24, 25, 26, -27, -28, 29, 30, 31, 32, 33, -34, 35, 36, 37, -38, -39, 40, 41, -42, 43, -44, 45, 46, 47, 48, 49, -50, 51, 52, 53, 54, 55, 56, -57, 58, -59, 60, -61, -62, 63, -64, -65, -66, -67, -68, -69, 70, 71, -72, -73, -74, -75, -76, 77, 78, 79, -80, -81, -82, 83, -84, -85, -86, -87, -88, -89, -90, -91, 92, -93, -94]
Product 744: [1, 2, 3, 4, 5, 6, 7, 8, 9, 10, 11, 12, 13, 14, 15, 16, 17, 18, 19, 20, 21, 22, 23, -24, 25, 26, -27, 28, 29, 30, 31, 32, -33, 34, 35, 36, 37, -38, -39, 40, -41, 42, -43, 44, 45, 46, -47, 48, 49, -50, 51, 52, 53, 54, 55, 56, -57, 58, -59, 60, -61, -62, -63, -64, -65, -66, -67, -68, 69, 70, -71, 72, -73, -74, -75, 76, -77, -78, -79, -80, -81, -82, -83, 84, 85, -86, -87, -88, -89, 90, -91, -92, -93, -94]
Product 281: [1, 2, 3, 4, 5, 6, 7, 8, 9, 10, 11, 12, 13, 14, 15, 16, 17, 18, 19, 20, 21, 22, -23, -24, 25, 26, -27, -28, 29, 30, 31, 32, 33, -34, 35, 36, 37, -38, -39, 40, 41, -42, 43, -44, 45, 46, 47, 48, 49, -50, 51, 52, 53, 54, 55, 56, -57, 58, -59, 60, -61, 62, -63, -64, -65, -66, -67, -68, -69, 70, -71, 72, -73, -74, -75, -76, 77, -78, 79, -80, -81, -82, -83, 84, -85, 86, -87, -88, -89, -90, -91, 92, -93, -94]
Product 547: [1, 2, 3, 4, 5, 6, 7, 8, 9, 10, -11, 12, 13, 14, 15, 16, 17, 18, 19, 20, 21, 22, -23, -24, 25, 26, -27, -28, 29, 30, 31, 32, 33, -34, 35, 36, -37, 38, -39, 40, 41, -42, 43, -44, 45, -46, 47, 48, 49, -50, 51, 52, 53, 54, 55, 56, 57, 58, 59, -60, -61, 62, -63, -64, -65, -66, -67, -68, -69, 70, -71, 72, -73, -74, -75, -76, 77, 78, -79, 80, 81, 82, -83, -84, 85, -86, -87, -88, -89, -90, -91, -92, 93, -94]
Product 830: [1, 2, 3, 4, 5, 6, 7, 8, 9, 10, -11, 12, 13, 14, 15, 16, 17, 18, 19, 20, 21, 22, 23, -24, 25, 26, 27, 28, 29, 30, 31, 32, 33, -34, 35, 36, 37, -38, -39, 40, -41, 42, 43, -44, 45, -46, -47, 48, 49, -50, 51, 52, 53, 54, 55, 56, -57, 58, -59, 60, 61, -62, -63, -64, -65, -66, -67, -68, -69, 70, -71, 72, -73, -74, -75, 76, -77, -78, -79, -80, -81, -82, -83, 84, -85, 86, -87, -88, 89, -90, -91, -92, -93, -94]
Product 649: [1, 2, 3, 4, 5, 6, 7, 8, 9, 10, -11, 12, 13, 14, 15, 16, 17, 18, 19, 20, 21, 22, -23, 24, -25, 26, -27, 28, 29, 30, 31, 32, 33, -34, 35, 36, -37, 38, 39, -40, 41, -42, 43, -44, 45, -46, 47, 48, 49, -50, 51, 52, 53, 54, 55, 56, -57, 58, -59, -60, -61, -62, 63, -64, -65, -66, -67, -68, -69, 70, -71, 72, 73, -74, -75, -76, -77, -78, 79, -80, -81, -82, -83, -84, 85, -86, -87, -88, -89, -90, -91, -92, -93, -94]
Product 841: [1, 2, 3, 4, 5, 6, 7, 8, 9, 10, 11, 12, 13, 14, 15, 16, 17, 18, 19, 20, 21, 22, -23, 24, 25, 26, -27, -28, 29, 30, 31, 32, 33, -34, 35, 36, 37, -38, -39, 40, 41, -42, 43, -44, 45, 46, 47, 48, 49, -50, 51, 52, 53, 54, 55, 56, -57, 58, -59, 60, -61, -62, 63, -64, -65, -66, -67, -68, -69, 70, 71, -72, -73, -74, -75, -76, 77, 78, 79, -80, -81, -82, 83, -84, -85, -86, -87, -88, -89, -90, -91, 92, -93, -94]
Product 586: [1, 2, 3, 4, 5, 6, 7, 8, 9, 10, -11, 12, 13, 14, 15, 16, 17, 18, 19, 20, 21, 22, -23, 24, 25, 26, 27, -28, 29, 30, 31, 32, 33, -34, 35, 36, -37, 38, 39, -40, -41, 42, 43, -44, 45, 46, 47, 48, 49, -50, 51, 52, 53, 54, 55, 56, 57, 58, -59, -60, 61, -62, -63, -64, -65, -66, -67, -68, -69, 70, 71, -72, -73, -74, 75, -76, -77, -78, 79, 80, 81, 82, -83, -84, -85, -86, -87, -88, -89, -90, -91, -92, -93, -94]
Product 72: [1, 2, 3, 4, 5, 6, 7, 8, 9, 10, 11, 12, 13, 14, 15, 16, 17, 18, 19, 20, 21, 22, 23, 24, -25, 26, 27, -28, 29, 30, 31, 32, -33, 34, 35, 36, -37, 38, -39, 40, -41, 42, 43, -44, 45, 46, -47, 48, 49, 50, -51, 52, 53, 54, 55, 56, -57, 58, -59, -60, -61, -62, -63, -64, -65, -66, 67, -68, -69, 70, -71, 72, -73, -74, -75, 76, -77, -78, -79, -80, -81, -82, -83, -84, -85, 86, -87, 88, -89, -90, -91, -92, -93, -94]

Product Line Solution 4		 Objectives: 4.0 10.0 1210.0 
Product 39: [1, 2, 3, 4, 5, 6, 7, 8, 9, 10, -11, 12, 13, 14, 15, 16, 17, 18, 19, 20, 21, 22, -23, -24, 25, 26, -27, -28, 29, 30, 31, 32, 33, -34, 35, 36, 37, -38, 39, -40, 41, -42, 43, -44, 45, -46, 47, 48, 49, 50, -51, 52, 53, 54, 55, 56, 57, 58, 59, 60, -61, -62, 63, -64, -65, -66, -67, -68, -69, 70, -71, 72, 73, -74, -75, -76, -77, -78, 79, 80, 81, 82, -83, 84, -85, 86, -87, -88, -89, -90, -91, -92, -93, -94]
Product 703: [1, 2, 3, 4, 5, 6, 7, 8, 9, 10, 11, 12, 13, 14, 15, 16, 17, 18, 19, 20, -21, 22, -23, 24, 25, 26, -27, -28, 29, 30, 31, 32, -33, 34, 35, 36, 37, -38, -39, 40, 41, -42, 43, -44, 45, -46, 47, 48, 49, 50, -51, 52, 53, 54, 55, 56, -57, 58, -59, 60, -61, -62, -63, -64, -65, -66, 67, -68, -69, 70, 71, -72, -73, -74, -75, -76, 77, 78, -79, -80, -81, -82, -83, 84, -85, -86, -87, -88, -89, -90, -91, -92, 93, -94]
Product 614: [1, 2, 3, 4, 5, 6, 7, 8, 9, 10, 11, 12, 13, 14, 15, 16, 17, 18, 19, 20, 21, 22, 23, 24, 25, 26, 27, -28, 29, 30, 31, 32, 33, -34, 35, 36, 37, -38, -39, 40, 41, -42, 43, -44, 45, 46, 47, 48, 49, 50, -51, 52, 53, 54, 55, 56, 57, 58, 59, 60, 61, -62, -63, -64, -65, -66, -67, -68, -69, 70, -71, 72, -73, -74, -75, 76, -77, -78, 79, 80, 81, 82, -83, 84, -85, 86, -87, -88, 89, -90, -91, -92, -93, -94]
Product 92: [1, 2, 3, 4, 5, 6, 7, 8, 9, 10, 11, 12, 13, 14, 15, 16, 17, 18, 19, 20, -21, 22, -23, -24, -25, 26, -27, -28, 29, 30, 31, 32, -33, 34, 35, 36, 37, -38, -39, 40, 41, -42, 43, -44, 45, 46, 47, 48, 49, 50, -51, 52, 53, 54, 55, 56, 57, 58, -59, -60, -61, -62, -63, -64, -65, -66, -67, 68, -69, 70, 71, -72, -73, -74, -75, -76, 77, 78, -79, 80, 81, 82, -83, -84, -85, -86, -87, -88, -89, -90, -91, -92, 93, -94]
Product 908: [1, 2, 3, 4, 5, 6, 7, 8, 9, 10, 11, 12, 13, 14, 15, 16, 17, 18, 19, 20, 21, 22, -23, 24, 25, 26, -27, 28, 29, 30, 31, 32, -33, 34, 35, 36, -37, 38, -39, 40, 41, -42, 43, -44, 45, -46, 47, 48, 49, 50, -51, 52, 53, 54, 55, 56, -57, 58, 59, -60, -61, -62, -63, -64, -65, -66, -67, 68, -69, 70, -71, 72, -73, -74, -75, 76, -77, 78, 79, -80, -81, -82, -83, -84, -85, 86, -87, -88, -89, 90, -91, -92, -93, -94]
Product 109: [1, 2, 3, 4, 5, 6, 7, 8, 9, 10, -11, 12, 13, 14, 15, 16, 17, 18, 19, 20, 21, 22, -23, 24, 25, 26, -27, 28, 29, 30, 31, 32, -33, 34, 35, 36, 37, -38, 39, -40, 41, -42, 43, -44, 45, -46, -47, 48, 49, -50, 51, 52, 53, 54, 55, 56, -57, 58, 59, -60, -61, -62, -63, -64, -65, 66, -67, -68, -69, 70, 71, -72, 73, -74, -75, -76, -77, -78, -79, -80, -81, -82, -83, -84, -85, -86, -87, -88, -89, -90, -91, -92, -93, -94]
Product 677: [1, 2, 3, 4, 5, 6, 7, 8, 9, 10, 11, 12, 13, 14, 15, 16, 17, 18, 19, 20, 21, 22, 23, 24, 25, 26, 27, -28, 29, 30, 31, 32, 33, -34, 35, 36, -37, 38, -39, 40, 41, -42, 43, -44, 45, -46, 47, 48, 49, -50, 51, 52, 53, 54, 55, 56, -57, 58, 59, 60, 61, -62, -63, -64, -65, -66, -67, -68, -69, 70, -71, 72, -73, -74, -75, 76, -77, -78, 79, -80, -81, -82, -83, 84, -85, -86, 87, -88, -89, -90, 91, -92, -93, -94]
Product 424: [1, 2, 3, 4, 5, 6, 7, 8, 9, 10, -11, 12, 13, 14, 15, 16, 17, 18, 19, 20, 21, 22, 23, 24, -25, 26, -27, -28, 29, 30, 31, 32, -33, 34, 35, 36, 37, -38, 39, -40, 41, -42, 43, -44, 45, 46, 47, 48, 49, 50, -51, 52, 53, 54, 55, 56, -57, 58, -59, -60, -61, -62, -63, -64, 65, -66, -67, -68, -69, 70, -71, 72, -73, -74, 75, -76, -77, -78, 79, -80, -81, -82, -83, -84, -85, 86, -87, -88, -89, -90, -91, -92, -93, -94]
Product 910: [1, 2, 3, 4, 5, 6, 7, 8, 9, 10, 11, 12, 13, 14, 15, 16, 17, 18, 19, 20, -21, 22, -23, 24, 25, 26, -27, 28, 29, 30, 31, 32, -33, 34, 35, 36, 37, -38, -39, 40, -41, 42, -43, 44, 45, -46, -47, 48, 49, 50, -51, 52, 53, 54, 55, 56, 57, 58, 59, -60, -61, -62, -63, -64, -65, -66, -67, -68, 69, 70, -71, 72, -73, -74, -75, -76, 77, -78, -79, 80, 81, 82, -83, -84, -85, -86, 87, -88, -89, -90, -91, -92, -93, 94]
Product 758: [1, 2, 3, 4, 5, 6, 7, 8, 9, 10, 11, 12, 13, 14, 15, 16, 17, 18, 19, 20, -21, 22, -23, 24, 25, 26, -27, -28, 29, 30, 31, 32, 33, -34, 35, 36, -37, 38, 39, -40, -41, 42, 43, -44, 45, -46, 47, 48, 49, -50, 51, 52, 53, 54, 55, 56, -57, 58, -59, 60, -61, -62, -63, 64, -65, -66, -67, -68, -69, 70, -71, 72, -73, 74, -75, -76, -77, 78, -79, -80, -81, -82, -83, 84, 85, -86, -87, -88, -89, -90, -91, -92, -93, -94]

Product Line Solution 5		 Objectives: 3.0 11.0 1319.0 
Product 95: [1, 2, 3, 4, 5, 6, 7, 8, 9, 10, -11, 12, 13, 14, 15, 16, 17, 18, 19, 20, 21, 22, 23, -24, 25, 26, 27, -28, 29, 30, 31, 32, -33, 34, 35, 36, 37, -38, 39, -40, -41, 42, -43, 44, 45, -46, 47, 48, 49, -50, 51, 52, 53, 54, 55, 56, -57, 58, 59, 60, -61, -62, -63, -64, -65, -66, -67, 68, -69, 70, 71, -72, -73, 74, -75, -76, -77, -78, 79, -80, -81, -82, 83, -84, -85, -86, -87, -88, -89, -90, -91, -92, -93, -94]
Product 10: [1, 2, 3, 4, 5, 6, 7, 8, 9, 10, 11, 12, 13, 14, 15, 16, 17, 18, 19, 20, 21, 22, -23, 24, 25, 26, 27, -28, 29, 30, 31, 32, 33, -34, 35, 36, 37, -38, -39, 40, -41, 42, -43, 44, 45, -46, 47, 48, 49, 50, -51, 52, 53, 54, 55, 56, -57, 58, 59, 60, -61, -62, 63, -64, -65, -66, -67, -68, -69, 70, -71, 72, -73, -74, -75, 76, -77, 78, 79, -80, -81, -82, -83, 84, -85, 86, -87, 88, -89, -90, -91, -92, -93, -94]
Product 960: [1, 2, 3, 4, 5, 6, 7, 8, 9, 10, -11, 12, 13, 14, 15, 16, 17, 18, 19, 20, 21, 22, 23, 24, -25, 26, -27, 28, 29, 30, 31, 32, -33, 34, 35, 36, 37, -38, -39, 40, -41, 42, 43, -44, 45, -46, -47, 48, 49, -50, 51, 52, 53, 54, 55, 56, 57, 58, -59, -60, -61, -62, -63, -64, -65, -66, -67, -68, 69, 70, -71, 72, -73, -74, -75, 76, -77, -78, -79, 80, 81, 82, -83, -84, 85, -86, -87, -88, 89, -90, -91, -92, -93, -94]
Product 58: [1, 2, 3, 4, 5, 6, 7, 8, 9, 10, -11, 12, 13, 14, 15, 16, 17, 18, 19, 20, 21, 22, 23, 24, 25, 26, -27, -28, 29, 30, 31, 32, 33, -34, 35, 36, -37, 38, -39, 40, -41, 42, -43, 44, 45, 46, -47, 48, 49, -50, 51, 52, 53, 54, 55, 56, 57, 58, 59, 60, -61, -62, -63, 64, -65, -66, -67, -68, -69, 70, -71, 72, -73, -74, -75, -76, 77, -78, -79, 80, 81, 82, 83, -84, -85, -86, 87, -88, -89, -90, -91, -92, 93, -94]
Product 878: [1, 2, 3, 4, 5, 6, 7, 8, 9, 10, -11, 12, 13, 14, 15, 16, 17, 18, 19, 20, 21, 22, -23, 24, 25, 26, 27, 28, 29, 30, 31, 32, -33, 34, 35, 36, 37, -38, -39, 40, -41, 42, -43, 44, 45, -46, -47, 48, 49, -50, 51, 52, 53, 54, 55, 56, -57, 58, 59, -60, -61, -62, -63, -64, -65, 66, -67, -68, -69, 70, -71, 72, -73, -74, -75, 76, -77, -78, -79, -80, -81, -82, -83, -84, 85, -86, -87, 88, -89, -90, -91, -92, -93, -94]
Product 313: [1, 2, 3, 4, 5, 6, 7, 8, 9, 10, 11, 12, 13, 14, 15, 16, 17, 18, 19, 20, 21, 22, 23, 24, 25, 26, 27, -28, 29, 30, 31, 32, -33, 34, 35, 36, 37, -38, 39, -40, 41, -42, 43, -44, 45, -46, -47, 48, 49, -50, 51, 52, 53, 54, 55, 56, 57, 58, 59, 60, -61, -62, -63, -64, 65, -66, -67, -68, -69, 70, -71, 72, -73, 74, -75, -76, -77, -78, -79, 80, 81, 82, 83, -84, -85, 86, -87, -88, -89, -90, -91, -92, -93, -94]
Product 888: [1, 2, 3, 4, 5, 6, 7, 8, 9, 10, -11, 12, 13, 14, 15, 16, 17, 18, 19, 20, 21, 22, 23, 24, 25, 26, -27, -28, 29, 30, 31, 32, 33, -34, 35, 36, -37, 38, -39, 40, -41, 42, 43, -44, 45, 46, 47, 48, 49, -50, 51, 52, 53, 54, 55, 56, 57, 58, -59, 60, -61, 62, -63, -64, -65, -66, -67, -68, -69, 70, -71, 72, -73, -74, -75, 76, -77, 78, 79, 80, 81, 82, 83, -84, -85, -86, 87, -88, -89, -90, 91, -92, -93, -94]
Product 972: [1, 2, 3, 4, 5, 6, 7, 8, 9, 10, 11, 12, 13, 14, 15, 16, 17, 18, 19, 20, 21, 22, 23, -24, -25, 26, 27, -28, 29, 30, 31, 32, -33, 34, 35, 36, 37, -38, -39, 40, 41, -42, 43, -44, 45, 46, 47, 48, 49, 50, -51, 52, 53, 54, 55, 56, -57, 58, -59, -60, -61, -62, -63, -64, -65, 66, -67, -68, -69, 70, -71, 72, -73, -74, -75, -76, 77, 78, 79, -80, -81, -82, -83, -84, 85, -86, -87, -88, -89, -90, -91, -92, 93, -94]
Product 112: [1, 2, 3, 4, 5, 6, 7, 8, 9, 10, -11, 12, 13, 14, 15, 16, 17, 18, 19, 20, 21, 22, 23, -24, -25, 26, 27, -28, 29, 30, 31, 32, 33, -34, 35, 36, -37, 38, 39, -40, -41, 42, 43, -44, 45, 46, 47, 48, 49, -50, 51, 52, 53, 54, 55, 56, -57, 58, -59, -60, 61, -62, -63, -64, -65, -66, -67, -68, -69, 70, 71, -72, 73, -74, -75, -76, -77, 78, -79, -80, -81, -82, -83, -84, -85, -86, -87, -88, -89, -90, -91, -92, -93, -94]
Product 598: [1, 2, 3, 4, 5, 6, 7, 8, 9, 10, 11, 12, 13, 14, 15, 16, 17, 18, 19, 20, 21, 22, 23, -24, 25, 26, 27, 28, 29, 30, 31, 32, -33, 34, 35, 36, 37, -38, -39, 40, 41, -42, 43, -44, 45, -46, 47, 48, 49, 50, -51, 52, 53, 54, 55, 56, -57, 58, 59, -60, -61, -62, -63, -64, -65, 66, -67, -68, -69, 70, 71, -72, -73, -74, -75, -76, 77, -78, 79, -80, -81, -82, -83, -84, -85, -86, -87, -88, -89, -90, -91, -92, -93, 94]
Product 204: [1, 2, 3, 4, 5, 6, 7, 8, 9, 10, -11, 12, 13, 14, 15, 16, 17, 18, 19, 20, -21, 22, -23, -24, 25, 26, 27, -28, 29, 30, 31, 32, -33, 34, 35, 36, -37, 38, 39, -40, 41, -42, 43, -44, 45, 46, 47, 48, 49, 50, -51, 52, 53, 54, 55, 56, -57, 58, -59, 60, -61, -62, -63, -64, -65, -66, -67, -68, 69, 70, -71, 72, -73, -74, 75, -76, -77, -78, 79, -80, -81, -82, -83, 84, 85, -86, -87, -88, -89, -90, -91, -92, -93, -94]

Product Line Solution 6		 Objectives: 13.0 5.0 624.0 
Product 443: [1, 2, 3, 4, 5, 6, 7, 8, 9, 10, 11, 12, 13, 14, 15, 16, 17, 18, 19, 20, 21, 22, 23, -24, 25, 26, -27, -28, 29, 30, 31, 32, 33, -34, 35, 36, 37, -38, -39, 40, 41, -42, 43, -44, 45, 46, 47, 48, 49, 50, -51, 52, 53, 54, 55, 56, -57, 58, 59, 60, 61, -62, -63, -64, -65, -66, -67, -68, -69, 70, -71, 72, -73, -74, -75, 76, -77, 78, -79, -80, -81, -82, 83, -84, -85, 86, -87, -88, -89, -90, 91, -92, -93, -94]
Product 415: [1, 2, 3, 4, 5, 6, 7, 8, 9, 10, -11, 12, 13, 14, 15, 16, 17, 18, 19, 20, 21, 22, 23, -24, 25, 26, 27, 28, 29, 30, 31, 32, -33, 34, 35, 36, -37, 38, -39, 40, -41, 42, -43, 44, 45, -46, 47, 48, 49, -50, 51, 52, 53, 54, 55, 56, -57, 58, 59, 60, -61, -62, -63, -64, 65, -66, -67, -68, -69, 70, -71, 72, -73, -74, -75, -76, 77, -78, 79, -80, -81, -82, 83, -84, -85, -86, 87, -88, -89, -90, -91, -92, 93, -94]
Product 836: [1, 2, 3, 4, 5, 6, 7, 8, 9, 10, -11, 12, 13, 14, 15, 16, 17, 18, 19, 20, 21, 22, 23, -24, -25, 26, 27, -28, 29, 30, 31, 32, -33, 34, 35, 36, 37, -38, -39, 40, 41, -42, 43, -44, 45, -46, 47, 48, 49, 50, -51, 52, 53, 54, 55, 56, 57, 58, -59, -60, -61, -62, -63, -64, -65, -66, -67, -68, 69, 70, 71, -72, -73, -74, -75, -76, 77, 78, -79, 80, 81, 82, -83, -84, -85, -86, -87, -88, -89, -90, -91, -92, 93, -94]
Product 604: [1, 2, 3, 4, 5, 6, 7, 8, 9, 10, -11, 12, 13, 14, 15, 16, 17, 18, 19, 20, 21, 22, -23, -24, 25, 26, 27, 28, 29, 30, 31, 32, -33, 34, 35, 36, 37, -38, -39, 40, -41, 42, -43, 44, 45, 46, 47, 48, 49, -50, 51, 52, 53, 54, 55, 56, -57, 58, 59, 60, -61, -62, -63, -64, -65, -66, -67, 68, -69, 70, -71, 72, -73, -74, -75, -76, 77, 78, -79, -80, -81, -82, 83, -84, 85, -86, -87, -88, -89, -90, -91, 92, -93, -94]
Product 929: [1, 2, 3, 4, 5, 6, 7, 8, 9, 10, -11, 12, 13, 14, 15, 16, 17, 18, 19, 20, -21, 22, -23, -24, 25, 26, 27, -28, 29, 30, 31, 32, -33, 34, 35, 36, -37, 38, -39, 40, -41, 42, -43, 44, 45, -46, 47, 48, 49, 50, -51, 52, 53, 54, 55, 56, 57, 58, 59, 60, -61, -62, -63, -64, 65, -66, -67, -68, -69, 70, -71, 72, -73, -74, -75, -76, 77, -78, 79, 80, 81, 82, -83, 84, -85, 86, -87, -88, -89, -90, -91, -92, -93, 94]

Product Line Solution 7		 Objectives: 16.0 5.0 604.0 
Product 590: [1, 2, 3, 4, 5, 6, 7, 8, 9, 10, -11, 12, 13, 14, 15, 16, 17, 18, 19, 20, 21, 22, 23, -24, 25, 26, 27, 28, 29, 30, 31, 32, 33, -34, 35, 36, 37, -38, 39, -40, -41, 42, 43, -44, 45, 46, -47, 48, 49, -50, 51, 52, 53, 54, 55, 56, -57, 58, -59, 60, 61, -62, -63, -64, -65, -66, -67, -68, -69, 70, 71, -72, -73, -74, 75, -76, -77, -78, -79, -80, -81, -82, -83, 84, -85, -86, -87, -88, -89, -90, -91, -92, -93, -94]
Product 415: [1, 2, 3, 4, 5, 6, 7, 8, 9, 10, -11, 12, 13, 14, 15, 16, 17, 18, 19, 20, 21, 22, 23, -24, 25, 26, 27, 28, 29, 30, 31, 32, -33, 34, 35, 36, -37, 38, -39, 40, -41, 42, -43, 44, 45, -46, 47, 48, 49, -50, 51, 52, 53, 54, 55, 56, -57, 58, 59, 60, -61, -62, -63, -64, 65, -66, -67, -68, -69, 70, -71, 72, -73, -74, -75, -76, 77, -78, 79, -80, -81, -82, 83, -84, -85, -86, 87, -88, -89, -90, -91, -92, 93, -94]
Product 910: [1, 2, 3, 4, 5, 6, 7, 8, 9, 10, 11, 12, 13, 14, 15, 16, 17, 18, 19, 20, -21, 22, -23, 24, 25, 26, -27, 28, 29, 30, 31, 32, -33, 34, 35, 36, 37, -38, -39, 40, -41, 42, -43, 44, 45, -46, -47, 48, 49, 50, -51, 52, 53, 54, 55, 56, 57, 58, 59, -60, -61, -62, -63, -64, -65, -66, -67, -68, 69, 70, -71, 72, -73, -74, -75, -76, 77, -78, -79, 80, 81, 82, -83, -84, -85, -86, 87, -88, -89, -90, -91, -92, -93, 94]
Product 297: [1, 2, 3, 4, 5, 6, 7, 8, 9, 10, -11, 12, 13, 14, 15, 16, 17, 18, 19, 20, 21, 22, 23, -24, 25, 26, 27, 28, 29, 30, 31, 32, -33, 34, 35, 36, -37, 38, -39, 40, -41, 42, 43, -44, 45, -46, 47, 48, 49, -50, 51, 52, 53, 54, 55, 56, -57, 58, -59, 60, -61, -62, -63, -64, -65, 66, -67, -68, -69, 70, -71, 72, -73, -74, -75, -76, 77, -78, 79, -80, -81, -82, 83, -84, -85, -86, 87, -88, -89, -90, -91, -92, -93, 94]
Product 929: [1, 2, 3, 4, 5, 6, 7, 8, 9, 10, -11, 12, 13, 14, 15, 16, 17, 18, 19, 20, -21, 22, -23, -24, 25, 26, 27, -28, 29, 30, 31, 32, -33, 34, 35, 36, -37, 38, -39, 40, -41, 42, -43, 44, 45, -46, 47, 48, 49, 50, -51, 52, 53, 54, 55, 56, 57, 58, 59, 60, -61, -62, -63, -64, 65, -66, -67, -68, -69, 70, -71, 72, -73, -74, -75, -76, 77, -78, 79, 80, 81, 82, -83, 84, -85, 86, -87, -88, -89, -90, -91, -92, -93, 94]

Product Line Solution 8		 Objectives: 1.0 14.0 1633.0 
Product 23: [1, 2, 3, 4, 5, 6, 7, 8, 9, 10, -11, 12, 13, 14, 15, 16, 17, 18, 19, 20, -21, 22, -23, -24, 25, 26, -27, -28, 29, 30, 31, 32, -33, 34, 35, 36, 37, -38, -39, 40, -41, 42, 43, -44, 45, -46, -47, 48, 49, -50, 51, 52, 53, 54, 55, 56, 57, 58, 59, -60, -61, -62, -63, -64, -65, -66, 67, -68, -69, 70, -71, 72, -73, -74, -75, -76, 77, -78, -79, 80, 81, 82, -83, -84, 85, -86, -87, -88, -89, -90, -91, -92, 93, -94]
Product 267: [1, 2, 3, 4, 5, 6, 7, 8, 9, 10, 11, 12, 13, 14, 15, 16, 17, 18, 19, 20, 21, 22, 23, 24, 25, 26, 27, 28, 29, 30, 31, 32, -33, 34, 35, 36, 37, -38, -39, 40, -41, 42, 43, -44, 45, -46, 47, 48, 49, 50, -51, 52, 53, 54, 55, 56, -57, 58, -59, -60, -61, -62, -63, -64, -65, 66, -67, -68, -69, 70, -71, 72, -73, -74, -75, 76, -77, -78, 79, -80, -81, -82, -83, -84, 85, -86, -87, 88, -89, -90, -91, -92, -93, -94]
Product 185: [1, 2, 3, 4, 5, 6, 7, 8, 9, 10, 11, 12, 13, 14, 15, 16, 17, 18, 19, 20, 21, 22, -23, 24, 25, 26, -27, 28, 29, 30, 31, 32, 33, -34, 35, 36, 37, -38, -39, 40, 41, -42, 43, -44, 45, -46, -47, 48, 49, 50, -51, 52, 53, 54, 55, 56, -57, 58, 59, -60, -61, -62, -63, 64, -65, -66, -67, -68, -69, 70, -71, 72, -73, -74, -75, -76, 77, -78, -79, -80, -81, -82, -83, -84, -85, -86, 87, -88, -89, -90, -91, -92, -93, 94]
Product 654: [1, 2, 3, 4, 5, 6, 7, 8, 9, 10, 11, 12, 13, 14, 15, 16, 17, 18, 19, 20, 21, 22, 23, -24, 25, 26, 27, -28, 29, 30, 31, 32, 33, -34, 35, 36, 37, -38, -39, 40, -41, 42, -43, 44, 45, 46, -47, 48, 49, -50, 51, 52, 53, 54, 55, 56, -57, 58, 59, 60, -61, 62, -63, -64, -65, -66, -67, -68, -69, 70, 71, -72, -73, -74, -75, 76, -77, -78, -79, -80, -81, -82, -83, 84, -85, -86, -87, -88, -89, -90, 91, -92, -93, -94]
Product 515: [1, 2, 3, 4, 5, 6, 7, 8, 9, 10, -11, 12, 13, 14, 15, 16, 17, 18, 19, 20, -21, 22, -23, 24, -25, 26, -27, -28, 29, 30, 31, 32, -33, 34, 35, 36, 37, -38, -39, 40, 41, -42, 43, -44, 45, 46, 47, 48, 49, -50, 51, 52, 53, 54, 55, 56, 57, 58, -59, -60, -61, -62, -63, -64, -65, -66, 67, -68, -69, 70, -71, 72, -73, -74, -75, -76, 77, 78, 79, 80, 81, 82, -83, -84, -85, -86, 87, -88, -89, -90, -91, -92, 93, -94]
Product 537: [1, 2, 3, 4, 5, 6, 7, 8, 9, 10, 11, 12, 13, 14, 15, 16, 17, 18, 19, 20, 21, 22, 23, 24, 25, 26, 27, -28, 29, 30, 31, 32, -33, 34, 35, 36, 37, -38, 39, -40, 41, -42, 43, -44, 45, 46, -47, 48, 49, -50, 51, 52, 53, 54, 55, 56, -57, 58, -59, 60, -61, -62, -63, -64, 65, -66, -67, -68, -69, 70, -71, 72, -73, -74, 75, -76, -77, -78, -79, -80, -81, -82, 83, -84, 85, -86, -87, -88, -89, -90, -91, -92, -93, -94]
Product 117: [1, 2, 3, 4, 5, 6, 7, 8, 9, 10, 11, 12, 13, 14, 15, 16, 17, 18, 19, 20, -21, 22, -23, -24, 25, 26, -27, -28, 29, 30, 31, 32, 33, -34, 35, 36, -37, 38, -39, 40, -41, 42, -43, 44, 45, 46, -47, 48, 49, 50, -51, 52, 53, 54, 55, 56, -57, 58, -59, 60, 61, -62, -63, -64, -65, -66, -67, -68, -69, 70, 71, -72, -73, -74, -75, 76, -77, -78, -79, -80, -81, -82, -83, 84, -85, -86, -87, -88, 89, -90, -91, -92, -93, -94]
Product 156: [1, 2, 3, 4, 5, 6, 7, 8, 9, 10, 11, 12, 13, 14, 15, 16, 17, 18, 19, 20, 21, 22, -23, 24, -25, 26, 27, -28, 29, 30, 31, 32, 33, -34, 35, 36, -37, 38, 39, -40, -41, 42, -43, 44, 45, 46, -47, 48, 49, -50, 51, 52, 53, 54, 55, 56, -57, 58, -59, -60, -61, -62, 63, -64, -65, -66, -67, -68, -69, 70, -71, 72, -73, -74, 75, -76, -77, -78, -79, -80, -81, -82, -83, -84, 85, -86, -87, -88, -89, -90, -91, -92, -93, -94]
Product 206: [1, 2, 3, 4, 5, 6, 7, 8, 9, 10, 11, 12, 13, 14, 15, 16, 17, 18, 19, 20, 21, 22, 23, 24, 25, 26, 27, -28, 29, 30, 31, 32, -33, 34, 35, 36, 37, -38, 39, -40, 41, -42, 43, -44, 45, 46, -47, 48, 49, 50, -51, 52, 53, 54, 55, 56, 57, 58, 59, -60, -61, -62, -63, -64, 65, -66, -67, -68, -69, 70, -71, 72, 73, -74, -75, -76, -77, -78, -79, 80, 81, 82, -83, -84, -85, -86, 87, -88, -89, -90, -91, -92, -93, -94]
Product 615: [1, 2, 3, 4, 5, 6, 7, 8, 9, 10, -11, 12, 13, 14, 15, 16, 17, 18, 19, 20, 21, 22, -23, 24, 25, 26, -27, -28, 29, 30, 31, 32, -33, 34, 35, 36, -37, 38, -39, 40, -41, 42, 43, -44, 45, -46, -47, 48, 49, 50, -51, 52, 53, 54, 55, 56, -57, 58, 59, -60, -61, -62, -63, -64, -65, -66, -67, 68, -69, 70, 71, -72, -73, -74, -75, 76, -77, -78, -79, -80, -81, -82, -83, -84, -85, -86, -87, -88, 89, -90, -91, -92, -93, -94]
Product 734: [1, 2, 3, 4, 5, 6, 7, 8, 9, 10, -11, 12, 13, 14, 15, 16, 17, 18, 19, 20, 21, 22, -23, -24, 25, 26, -27, 28, 29, 30, 31, 32, 33, -34, 35, 36, 37, -38, 39, -40, -41, 42, 43, -44, 45, -46, 47, 48, 49, 50, -51, 52, 53, 54, 55, 56, 57, 58, 59, -60, -61, -62, -63, 64, -65, -66, -67, -68, -69, 70, -71, 72, -73, -74, 75, -76, -77, 78, -79, 80, 81, 82, -83, -84, 85, -86, -87, -88, -89, -90, -91, -92, -93, -94]
Product 406: [1, 2, 3, 4, 5, 6, 7, 8, 9, 10, 11, 12, 13, 14, 15, 16, 17, 18, 19, 20, -21, 22, -23, 24, 25, 26, -27, 28, 29, 30, 31, 32, -33, 34, 35, 36, 37, -38, 39, -40, 41, -42, 43, -44, 45, -46, 47, 48, 49, 50, -51, 52, 53, 54, 55, 56, 57, 58, 59, -60, -61, -62, -63, -64, -65, -66, -67, 68, -69, 70, 71, -72, -73, 74, -75, -76, -77, 78, 79, 80, 81, 82, -83, -84, -85, -86, -87, -88, -89, -90, -91, -92, -93, -94]
Product 515: [1, 2, 3, 4, 5, 6, 7, 8, 9, 10, -11, 12, 13, 14, 15, 16, 17, 18, 19, 20, -21, 22, -23, 24, -25, 26, -27, -28, 29, 30, 31, 32, -33, 34, 35, 36, 37, -38, -39, 40, 41, -42, 43, -44, 45, 46, 47, 48, 49, -50, 51, 52, 53, 54, 55, 56, 57, 58, -59, -60, -61, -62, -63, -64, -65, -66, 67, -68, -69, 70, -71, 72, -73, -74, -75, -76, 77, 78, 79, 80, 81, 82, -83, -84, -85, -86, 87, -88, -89, -90, -91, -92, 93, -94]
Product 732: [1, 2, 3, 4, 5, 6, 7, 8, 9, 10, -11, 12, 13, 14, 15, 16, 17, 18, 19, 20, 21, 22, 23, -24, -25, 26, -27, 28, 29, 30, 31, 32, -33, 34, 35, 36, 37, -38, -39, 40, 41, -42, 43, -44, 45, 46, -47, 48, 49, 50, -51, 52, 53, 54, 55, 56, 57, 58, -59, -60, -61, -62, -63, -64, -65, -66, -67, -68, 69, 70, -71, 72, -73, -74, -75, -76, 77, -78, -79, 80, 81, 82, -83, -84, 85, -86, -87, -88, -89, -90, -91, 92, -93, -94]
Product 940: [1, 2, 3, 4, 5, 6, 7, 8, 9, 10, 11, 12, 13, 14, 15, 16, 17, 18, 19, 20, 21, 22, -23, 24, 25, 26, 27, 28, 29, 30, 31, 32, -33, 34, 35, 36, -37, 38, -39, 40, -41, 42, -43, 44, 45, 46, 47, 48, 49, 50, -51, 52, 53, 54, 55, 56, 57, 58, -59, 60, -61, -62, -63, -64, 65, -66, -67, -68, -69, 70, -71, 72, -73, -74, -75, -76, 77, 78, -79, 80, 81, 82, -83, 84, -85, 86, -87, -88, -89, -90, -91, -92, 93, -94]

Product Line Solution 9		 Objectives: 10.0 6.0 717.0 
Product 539: [1, 2, 3, 4, 5, 6, 7, 8, 9, 10, -11, 12, 13, 14, 15, 16, 17, 18, 19, 20, 21, 22, -23, -24, -25, 26, 27, 28, 29, 30, 31, 32, 33, -34, 35, 36, -37, 38, 39, -40, 41, -42, 43, -44, 45, 46, -47, 48, 49, 50, -51, 52, 53, 54, 55, 56, -57, 58, -59, -60, -61, -62, -63, 64, -65, -66, -67, -68, -69, 70, -71, 72, 73, -74, -75, -76, -77, -78, -79, -80, -81, -82, -83, -84, -85, 86, -87, -88, -89, -90, -91, -92, -93, -94]
Product 553: [1, 2, 3, 4, 5, 6, 7, 8, 9, 10, 11, 12, 13, 14, 15, 16, 17, 18, 19, 20, -21, 22, -23, 24, 25, 26, 27, -28, 29, 30, 31, 32, -33, 34, 35, 36, -37, 38, 39, -40, -41, 42, -43, 44, 45, 46, -47, 48, 49, 50, -51, 52, 53, 54, 55, 56, -57, 58, 59, -60, -61, -62, -63, -64, -65, -66, -67, -68, 69, 70, 71, -72, 73, -74, -75, -76, -77, -78, -79, -80, -81, -82, -83, -84, -85, -86, -87, -88, -89, -90, -91, -92, -93, -94]
Product 415: [1, 2, 3, 4, 5, 6, 7, 8, 9, 10, -11, 12, 13, 14, 15, 16, 17, 18, 19, 20, 21, 22, 23, -24, 25, 26, 27, 28, 29, 30, 31, 32, -33, 34, 35, 36, -37, 38, -39, 40, -41, 42, -43, 44, 45, -46, 47, 48, 49, -50, 51, 52, 53, 54, 55, 56, -57, 58, 59, 60, -61, -62, -63, -64, 65, -66, -67, -68, -69, 70, -71, 72, -73, -74, -75, -76, 77, -78, 79, -80, -81, -82, 83, -84, -85, -86, 87, -88, -89, -90, -91, -92, 93, -94]
Product 659: [1, 2, 3, 4, 5, 6, 7, 8, 9, 10, -11, 12, 13, 14, 15, 16, 17, 18, 19, 20, 21, 22, 23, -24, 25, 26, 27, 28, 29, 30, 31, 32, 33, -34, 35, 36, -37, 38, -39, 40, -41, 42, -43, 44, 45, 46, 47, 48, 49, 50, -51, 52, 53, 54, 55, 56, -57, 58, 59, -60, -61, -62, 63, -64, -65, -66, -67, -68, -69, 70, 71, -72, -73, -74, -75, 76, -77, 78, 79, -80, -81, -82, -83, -84, -85, -86, -87, -88, -89, -90, 91, -92, -93, -94]
Product 604: [1, 2, 3, 4, 5, 6, 7, 8, 9, 10, -11, 12, 13, 14, 15, 16, 17, 18, 19, 20, 21, 22, -23, -24, 25, 26, 27, 28, 29, 30, 31, 32, -33, 34, 35, 36, 37, -38, -39, 40, -41, 42, -43, 44, 45, 46, 47, 48, 49, -50, 51, 52, 53, 54, 55, 56, -57, 58, 59, 60, -61, -62, -63, -64, -65, -66, -67, 68, -69, 70, -71, 72, -73, -74, -75, -76, 77, 78, -79, -80, -81, -82, 83, -84, 85, -86, -87, -88, -89, -90, -91, 92, -93, -94]
Product 907: [1, 2, 3, 4, 5, 6, 7, 8, 9, 10, 11, 12, 13, 14, 15, 16, 17, 18, 19, 20, 21, 22, 23, -24, 25, 26, -27, -28, 29, 30, 31, 32, 33, -34, 35, 36, -37, 38, -39, 40, -41, 42, -43, 44, 45, -46, -47, 48, 49, -50, 51, 52, 53, 54, 55, 56, 57, 58, -59, 60, -61, -62, -63, 64, -65, -66, -67, -68, -69, 70, 71, -72, -73, -74, -75, 76, -77, -78, -79, 80, 81, 82, -83, 84, -85, -86, -87, -88, -89, -90, 91, -92, -93, -94]

Product Line Solution 10		 Objectives: 8.0 8.0 1012.0 
Product 280: [1, 2, 3, 4, 5, 6, 7, 8, 9, 10, -11, 12, 13, 14, 15, 16, 17, 18, 19, 20, -21, 22, -23, -24, 25, 26, -27, -28, 29, 30, 31, 32, 33, -34, 35, 36, 37, -38, -39, 40, 41, -42, 43, -44, 45, 46, 47, 48, 49, -50, 51, 52, 53, 54, 55, 56, -57, 58, -59, -60, -61, -62, -63, 64, -65, -66, -67, -68, -69, 70, -71, 72, -73, -74, -75, -76, 77, 78, -79, -80, -81, -82, -83, -84, 85, -86, -87, -88, -89, -90, -91, -92, -93, 94]
Product 835: [1, 2, 3, 4, 5, 6, 7, 8, 9, 10, -11, 12, 13, 14, 15, 16, 17, 18, 19, 20, 21, 22, 23, -24, 25, 26, -27, -28, 29, 30, 31, 32, 33, -34, 35, 36, 37, -38, -39, 40, -41, 42, -43, 44, 45, 46, 47, 48, 49, 50, -51, 52, 53, 54, 55, 56, 57, 58, 59, 60, -61, -62, 63, -64, -65, -66, -67, -68, -69, 70, -71, 72, -73, -74, -75, 76, -77, 78, -79, 80, 81, 82, -83, 84, -85, -86, 87, -88, -89, 90, -91, -92, -93, -94]
Product 398: [1, 2, 3, 4, 5, 6, 7, 8, 9, 10, 11, 12, 13, 14, 15, 16, 17, 18, 19, 20, 21, 22, 23, 24, 25, 26, 27, -28, 29, 30, 31, 32, -33, 34, 35, 36, 37, -38, 39, -40, -41, 42, -43, 44, 45, -46, 47, 48, 49, -50, 51, 52, 53, 54, 55, 56, -57, 58, -59, 60, -61, -62, -63, -64, -65, -66, -67, 68, -69, 70, -71, 72, -73, 74, -75, -76, -77, 78, -79, -80, -81, -82, 83, -84, -85, 86, -87, -88, -89, -90, -91, -92, -93, -94]
Product 833: [1, 2, 3, 4, 5, 6, 7, 8, 9, 10, -11, 12, 13, 14, 15, 16, 17, 18, 19, 20, -21, 22, -23, 24, -25, 26, -27, 28, 29, 30, 31, 32, -33, 34, 35, 36, -37, 38, 39, -40, 41, -42, 43, -44, 45, -46, -47, 48, 49, -50, 51, 52, 53, 54, 55, 56, 57, 58, -59, -60, -61, -62, -63, -64, -65, -66, 67, -68, -69, 70, -71, 72, -73, 74, -75, -76, -77, -78, -79, 80, 81, 82, -83, -84, 85, -86, -87, -88, -89, -90, -91, -92, -93, -94]
Product 428: [1, 2, 3, 4, 5, 6, 7, 8, 9, 10, -11, 12, 13, 14, 15, 16, 17, 18, 19, 20, 21, 22, 23, 24, -25, 26, 27, -28, 29, 30, 31, 32, 33, -34, 35, 36, 37, -38, 39, -40, -41, 42, -43, 44, 45, 46, 47, 48, 49, -50, 51, 52, 53, 54, 55, 56, -57, 58, -59, -60, 61, -62, -63, -64, -65, -66, -67, -68, -69, 70, -71, 72, -73, -74, 75, -76, -77, 78, 79, -80, -81, -82, -83, -84, 85, -86, -87, -88, -89, -90, -91, -92, -93, -94]
Product 48: [1, 2, 3, 4, 5, 6, 7, 8, 9, 10, -11, 12, 13, 14, 15, 16, 17, 18, 19, 20, 21, 22, -23, 24, -25, 26, 27, 28, 29, 30, 31, 32, -33, 34, 35, 36, -37, 38, -39, 40, -41, 42, -43, 44, 45, -46, 47, 48, 49, -50, 51, 52, 53, 54, 55, 56, -57, 58, -59, -60, -61, -62, -63, -64, -65, -66, -67, 68, -69, 70, -71, 72, -73, -74, -75, -76, 77, 78, 79, -80, -81, -82, -83, -84, -85, 86, -87, -88, -89, -90, -91, -92, 93, -94]
Product 996: [1, 2, 3, 4, 5, 6, 7, 8, 9, 10, -11, 12, 13, 14, 15, 16, 17, 18, 19, 20, 21, 22, 23, -24, -25, 26, -27, 28, 29, 30, 31, 32, 33, -34, 35, 36, -37, 38, 39, -40, -41, 42, -43, 44, 45, -46, 47, 48, 49, 50, -51, 52, 53, 54, 55, 56, 57, 58, -59, -60, -61, 62, -63, -64, -65, -66, -67, -68, -69, 70, -71, 72, -73, -74, 75, -76, -77, 78, 79, 80, 81, 82, -83, -84, -85, -86, 87, -88, -89, -90, -91, -92, -93, -94]
Product 604: [1, 2, 3, 4, 5, 6, 7, 8, 9, 10, -11, 12, 13, 14, 15, 16, 17, 18, 19, 20, 21, 22, -23, -24, 25, 26, 27, 28, 29, 30, 31, 32, -33, 34, 35, 36, 37, -38, -39, 40, -41, 42, -43, 44, 45, 46, 47, 48, 49, -50, 51, 52, 53, 54, 55, 56, -57, 58, 59, 60, -61, -62, -63, -64, -65, -66, -67, 68, -69, 70, -71, 72, -73, -74, -75, -76, 77, 78, -79, -80, -81, -82, 83, -84, 85, -86, -87, -88, -89, -90, -91, 92, -93, -94]

Product Line Solution 11		 Objectives: 5.0 9.0 1069.0 
Product 869: [1, 2, 3, 4, 5, 6, 7, 8, 9, 10, -11, 12, 13, 14, 15, 16, 17, 18, 19, 20, -21, 22, -23, 24, 25, 26, -27, -28, 29, 30, 31, 32, -33, 34, 35, 36, -37, 38, 39, -40, -41, 42, 43, -44, 45, 46, -47, 48, 49, -50, 51, 52, 53, 54, 55, 56, -57, 58, 59, 60, -61, -62, -63, -64, -65, -66, -67, -68, 69, 70, -71, 72, -73, -74, 75, -76, -77, -78, -79, -80, -81, -82, 83, -84, 85, -86, -87, -88, -89, -90, -91, -92, -93, -94]
Product 390: [1, 2, 3, 4, 5, 6, 7, 8, 9, 10, -11, 12, 13, 14, 15, 16, 17, 18, 19, 20, -21, 22, -23, 24, -25, 26, -27, 28, 29, 30, 31, 32, 33, -34, 35, 36, 37, -38, 39, -40, 41, -42, 43, -44, 45, 46, 47, 48, 49, -50, 51, 52, 53, 54, 55, 56, -57, 58, -59, -60, -61, -62, -63, 64, -65, -66, -67, -68, -69, 70, -71, 72, -73, 74, -75, -76, -77, 78, 79, -80, -81, -82, -83, -84, -85, 86, -87, -88, -89, -90, -91, -92, -93, -94]
Product 927: [1, 2, 3, 4, 5, 6, 7, 8, 9, 10, 11, 12, 13, 14, 15, 16, 17, 18, 19, 20, 21, 22, -23, 24, 25, 26, 27, -28, 29, 30, 31, 32, -33, 34, 35, 36, 37, -38, -39, 40, -41, 42, 43, -44, 45, -46, -47, 48, 49, 50, -51, 52, 53, 54, 55, 56, -57, 58, 59, 60, -61, -62, -63, -64, 65, -66, -67, -68, -69, 70, -71, 72, -73, -74, -75, 76, -77, -78, -79, -80, -81, -82, 83, -84, -85, -86, 87, 88, -89, -90, -91, -92, -93, -94]
Product 117: [1, 2, 3, 4, 5, 6, 7, 8, 9, 10, 11, 12, 13, 14, 15, 16, 17, 18, 19, 20, -21, 22, -23, -24, 25, 26, -27, -28, 29, 30, 31, 32, 33, -34, 35, 36, -37, 38, -39, 40, -41, 42, -43, 44, 45, 46, -47, 48, 49, 50, -51, 52, 53, 54, 55, 56, -57, 58, -59, 60, 61, -62, -63, -64, -65, -66, -67, -68, -69, 70, 71, -72, -73, -74, -75, 76, -77, -78, -79, -80, -81, -82, -83, 84, -85, -86, -87, -88, 89, -90, -91, -92, -93, -94]
Product 705: [1, 2, 3, 4, 5, 6, 7, 8, 9, 10, -11, 12, 13, 14, 15, 16, 17, 18, 19, 20, 21, 22, -23, 24, 25, 26, 27, -28, 29, 30, 31, 32, -33, 34, 35, 36, -37, 38, -39, 40, -41, 42, -43, 44, 45, 46, 47, 48, 49, -50, 51, 52, 53, 54, 55, 56, 57, 58, -59, -60, -61, -62, -63, -64, -65, 66, -67, -68, -69, 70, -71, 72, -73, -74, -75, 76, -77, 78, -79, 80, 81, 82, -83, -84, -85, -86, 87, 88, -89, -90, -91, -92, -93, -94]
Product 941: [1, 2, 3, 4, 5, 6, 7, 8, 9, 10, 11, 12, 13, 14, 15, 16, 17, 18, 19, 20, 21, 22, 23, -24, 25, 26, 27, 28, 29, 30, 31, 32, -33, 34, 35, 36, 37, -38, -39, 40, -41, 42, 43, -44, 45, -46, 47, 48, 49, 50, -51, 52, 53, 54, 55, 56, 57, 58, 59, 60, -61, -62, -63, -64, 65, -66, -67, -68, -69, 70, -71, 72, -73, -74, -75, -76, 77, 78, -79, 80, 81, 82, -83, 84, -85, 86, -87, -88, -89, -90, -91, -92, 93, -94]
Product 288: [1, 2, 3, 4, 5, 6, 7, 8, 9, 10, -11, 12, 13, 14, 15, 16, 17, 18, 19, 20, -21, 22, -23, -24, 25, 26, 27, -28, 29, 30, 31, 32, -33, 34, 35, 36, 37, -38, -39, 40, -41, 42, 43, -44, 45, -46, 47, 48, 49, -50, 51, 52, 53, 54, 55, 56, -57, 58, 59, -60, -61, -62, -63, -64, -65, -66, -67, 68, -69, 70, -71, 72, -73, -74, -75, -76, 77, 78, -79, -80, -81, -82, -83, -84, 85, -86, -87, -88, -89, -90, -91, 92, -93, -94]
Product 533: [1, 2, 3, 4, 5, 6, 7, 8, 9, 10, 11, 12, 13, 14, 15, 16, 17, 18, 19, 20, -21, 22, -23, 24, 25, 26, -27, 28, 29, 30, 31, 32, -33, 34, 35, 36, 37, -38, -39, 40, 41, -42, 43, -44, 45, -46, -47, 48, 49, -50, 51, 52, 53, 54, 55, 56, -57, 58, -59, 60, -61, -62, -63, -64, -65, -66, 67, -68, -69, 70, -71, 72, -73, -74, -75, 76, -77, -78, -79, -80, -81, -82, 83, -84, 85, -86, -87, -88, -89, 90, -91, -92, -93, -94]
Product 179: [1, 2, 3, 4, 5, 6, 7, 8, 9, 10, -11, 12, 13, 14, 15, 16, 17, 18, 19, 20, 21, 22, 23, 24, 25, 26, 27, -28, 29, 30, 31, 32, -33, 34, 35, 36, 37, -38, -39, 40, 41, -42, 43, -44, 45, -46, -47, 48, 49, -50, 51, 52, 53, 54, 55, 56, -57, 58, -59, 60, -61, -62, -63, -64, -65, -66, 67, -68, -69, 70, 71, -72, -73, -74, -75, 76, -77, -78, -79, -80, -81, -82, 83, -84, -85, -86, -87, -88, -89, 90, -91, -92, -93, -94]

