Product Line Solution 1
Product 906: [1, 2, 3, 4, 5, 6, 7, 8, -9, -10, 11, 12, 13, 14, 15, -16, 17, 18, 19, 20, -21, 22, -23, 24]
Product 835: [1, 2, 3, 4, 5, 6, 7, 8, 9, -10, 11, 12, 13, 14, 15, 16, -17, -18, -19, -20, 21, 22, -23, -24]
Product 715: [1, 2, 3, 4, 5, -6, 7, -8, -9, -10, 11, -12, 13, 14, -15, -16, -17, 18, -19, -20, -21, 22, 23, -24]
Product 76: [1, 2, 3, 4, 5, 6, 7, -8, -9, 10, 11, -12, 13, 14, 15, 16, 17, 18, -19, -20, -21, 22, 23, 24]

Product Line Solution 2
Product 416: [1, 2, 3, 4, 5, 6, 7, 8, -9, 10, 11, -12, 13, 14, -15, -16, -17, 18, -19, -20, -21, 22, 23, -24]
Product 104: [1, 2, 3, 4, 5, 6, 7, -8, -9, -10, 11, 12, 13, -14, 15, 16, 17, -18, 19, -20, 21, -22, -23, -24]
Product 270: [1, 2, 3, 4, 5, -6, -7, -8, -9, 10, -11, 12, 13, -14, -15, -16, -17, -18, 19, -20, 21, -22, -23, -24]
Product 831: [1, 2, 3, 4, 5, -6, 7, 8, 9, -10, 11, -12, 13, 14, -15, 16, 17, -18, -19, -20, -21, -22, 23, 24]

Product Line Solution 3
Product 447: [1, 2, 3, 4, 5, -6, 7, -8, -9, -10, -11, 12, 13, 14, -15, -16, -17, -18, -19, 20, -21, -22, 23, 24]
Product 979: [1, 2, 3, 4, 5, -6, 7, 8, -9, -10, 11, 12, 13, 14, 15, -16, 17, -18, 19, -20, 21, 22, 23, 24]
Product 426: [1, 2, 3, 4, 5, 6, -7, 8, 9, -10, 11, 12, 13, 14, -15, -16, 17, 18, 19, 20, -21, -22, 23, 24]
Product 39: [1, 2, 3, 4, 5, -6, 7, 8, 9, 10, 11, -12, 13, -14, 15, 16, -17, -18, -19, -20, -21, -22, -23, -24]
Product 121: [1, 2, 3, 4, 5, 6, 7, 8, -9, -10, 11, -12, 13, -14, 15, -16, -17, -18, -19, -20, -21, -22, -23, -24]

Product Line Solution 4
Product 816: [1, 2, 3, 4, 5, 6, -7, 8, -9, 10, 11, 12, 13, -14, -15, -16, 17, 18, -19, -20, 21, -22, -23, -24]
Product 919: [1, 2, 3, 4, 5, 6, 7, 8, 9, 10, 11, -12, 13, 14, 15, 16, 17, -18, -19, -20, -21, 22, -23, 24]
Product 266: [1, 2, 3, 4, 5, -6, 7, -8, -9, -10, -11, -12, 13, -14, -15, -16, -17, -18, -19, -20, -21, -22, -23, -24]
Product 657: [1, 2, 3, 4, 5, 6, 7, -8, 9, -10, 11, 12, 13, 14, 15, -16, -17, -18, -19, 20, 21, 22, -23, -24]

