Product Line Solution 1		 Objectives: 0.0 17.0 2118.0 
Product 927: [1, 2, 3, 4, 5, 6, 7, 8, 9, 10, 11, 12, 13, 14, 15, 16, 17, 18, 19, 20, 21, 22, -23, 24, 25, 26, 27, -28, 29, 30, 31, 32, -33, 34, 35, 36, 37, -38, -39, 40, -41, 42, 43, -44, 45, -46, -47, 48, 49, 50, -51, 52, 53, 54, 55, 56, -57, 58, 59, 60, -61, -62, -63, -64, 65, -66, -67, -68, -69, 70, -71, 72, -73, -74, -75, 76, -77, -78, -79, -80, -81, -82, 83, -84, -85, -86, 87, 88, -89, -90, -91, -92, -93, -94]
Product 642: [1, 2, 3, 4, 5, 6, 7, 8, 9, 10, 11, 12, 13, 14, 15, 16, 17, 18, 19, 20, -21, 22, -23, 24, 25, 26, -27, 28, 29, 30, 31, 32, 33, -34, 35, 36, 37, -38, -39, 40, -41, 42, -43, 44, 45, 46, -47, 48, 49, 50, -51, 52, 53, 54, 55, 56, -57, 58, -59, 60, -61, -62, -63, 64, -65, -66, -67, -68, -69, 70, -71, 72, -73, -74, -75, 76, -77, -78, -79, -80, -81, -82, 83, -84, 85, -86, -87, -88, -89, -90, 91, -92, -93, -94]
Product 966: [1, 2, 3, 4, 5, 6, 7, 8, 9, 10, -11, 12, 13, 14, 15, 16, 17, 18, 19, 20, 21, 22, 23, 24, 25, 26, -27, 28, 29, 30, 31, 32, -33, 34, 35, 36, 37, -38, -39, 40, -41, 42, 43, -44, 45, 46, 47, 48, 49, -50, 51, 52, 53, 54, 55, 56, 57, 58, 59, 60, -61, -62, -63, -64, -65, -66, -67, -68, 69, 70, -71, 72, -73, -74, -75, 76, -77, 78, -79, 80, 81, 82, -83, 84, 85, -86, -87, -88, -89, 90, -91, -92, -93, -94]
Product 897: [1, 2, 3, 4, 5, 6, 7, 8, 9, 10, 11, 12, 13, 14, 15, 16, 17, 18, 19, 20, 21, 22, 23, 24, 25, 26, -27, 28, 29, 30, 31, 32, 33, -34, 35, 36, -37, 38, -39, 40, -41, 42, -43, 44, 45, -46, 47, 48, 49, -50, 51, 52, 53, 54, 55, 56, 57, 58, 59, 60, -61, -62, 63, -64, -65, -66, -67, -68, -69, 70, -71, 72, -73, -74, -75, 76, -77, 78, -79, 80, 81, 82, 83, -84, -85, -86, 87, -88, -89, -90, 91, -92, -93, -94]
Product 259: [1, 2, 3, 4, 5, 6, 7, 8, 9, 10, -11, 12, 13, 14, 15, 16, 17, 18, 19, 20, -21, 22, -23, -24, 25, 26, 27, -28, 29, 30, 31, 32, -33, 34, 35, 36, -37, 38, 39, -40, -41, 42, -43, 44, 45, 46, 47, 48, 49, 50, -51, 52, 53, 54, 55, 56, -57, 58, 59, -60, -61, -62, -63, -64, 65, -66, -67, -68, -69, 70, -71, 72, -73, -74, 75, -76, -77, -78, 79, -80, -81, -82, -83, -84, -85, 86, -87, -88, -89, -90, -91, -92, -93, -94]
Product 515: [1, 2, 3, 4, 5, 6, 7, 8, 9, 10, -11, 12, 13, 14, 15, 16, 17, 18, 19, 20, -21, 22, -23, 24, -25, 26, -27, -28, 29, 30, 31, 32, -33, 34, 35, 36, 37, -38, -39, 40, 41, -42, 43, -44, 45, 46, 47, 48, 49, -50, 51, 52, 53, 54, 55, 56, 57, 58, -59, -60, -61, -62, -63, -64, -65, -66, 67, -68, -69, 70, -71, 72, -73, -74, -75, -76, 77, 78, 79, 80, 81, 82, -83, -84, -85, -86, 87, -88, -89, -90, -91, -92, 93, -94]
Product 777: [1, 2, 3, 4, 5, 6, 7, 8, 9, 10, 11, 12, 13, 14, 15, 16, 17, 18, 19, 20, 21, 22, 23, -24, 25, 26, 27, -28, 29, 30, 31, 32, -33, 34, 35, 36, -37, 38, -39, 40, -41, 42, -43, 44, 45, -46, -47, 48, 49, -50, 51, 52, 53, 54, 55, 56, 57, 58, -59, 60, -61, -62, -63, -64, -65, 66, -67, -68, -69, 70, -71, 72, -73, -74, -75, 76, -77, -78, -79, 80, 81, 82, 83, -84, -85, -86, 87, -88, 89, -90, -91, -92, -93, -94]
Product 803: [1, 2, 3, 4, 5, 6, 7, 8, 9, 10, 11, 12, 13, 14, 15, 16, 17, 18, 19, 20, 21, 22, 23, -24, 25, 26, 27, -28, 29, 30, 31, 32, -33, 34, 35, 36, 37, -38, -39, 40, -41, 42, -43, 44, 45, 46, 47, 48, 49, 50, -51, 52, 53, 54, 55, 56, -57, 58, -59, 60, -61, -62, -63, -64, -65, 66, -67, -68, -69, 70, -71, 72, -73, -74, -75, 76, -77, -78, 79, -80, -81, -82, -83, 84, -85, 86, -87, -88, 89, -90, -91, -92, -93, -94]
Product 378: [1, 2, 3, 4, 5, 6, 7, 8, 9, 10, 11, 12, 13, 14, 15, 16, 17, 18, 19, 20, 21, 22, 23, 24, 25, 26, -27, 28, 29, 30, 31, 32, -33, 34, 35, 36, -37, 38, -39, 40, 41, -42, 43, -44, 45, 46, 47, 48, 49, 50, -51, 52, 53, 54, 55, 56, 57, 58, -59, 60, -61, -62, -63, -64, -65, -66, -67, 68, -69, 70, -71, 72, -73, -74, -75, 76, -77, 78, 79, 80, 81, 82, 83, -84, -85, -86, 87, 88, -89, -90, -91, -92, -93, -94]
Product 428: [1, 2, 3, 4, 5, 6, 7, 8, 9, 10, -11, 12, 13, 14, 15, 16, 17, 18, 19, 20, 21, 22, 23, 24, -25, 26, 27, -28, 29, 30, 31, 32, 33, -34, 35, 36, 37, -38, 39, -40, -41, 42, -43, 44, 45, 46, 47, 48, 49, -50, 51, 52, 53, 54, 55, 56, -57, 58, -59, -60, 61, -62, -63, -64, -65, -66, -67, -68, -69, 70, -71, 72, -73, -74, 75, -76, -77, 78, 79, -80, -81, -82, -83, -84, 85, -86, -87, -88, -89, -90, -91, -92, -93, -94]
Product 201: [1, 2, 3, 4, 5, 6, 7, 8, 9, 10, 11, 12, 13, 14, 15, 16, 17, 18, 19, 20, -21, 22, -23, 24, 25, 26, 27, -28, 29, 30, 31, 32, -33, 34, 35, 36, -37, 38, -39, 40, 41, -42, 43, -44, 45, 46, 47, 48, 49, -50, 51, 52, 53, 54, 55, 56, -57, 58, -59, 60, -61, -62, -63, -64, -65, -66, -67, -68, 69, 70, -71, 72, -73, -74, -75, -76, 77, -78, 79, -80, -81, -82, 83, -84, 85, -86, -87, -88, -89, -90, -91, -92, 93, -94]
Product 888: [1, 2, 3, 4, 5, 6, 7, 8, 9, 10, -11, 12, 13, 14, 15, 16, 17, 18, 19, 20, 21, 22, 23, 24, 25, 26, -27, -28, 29, 30, 31, 32, 33, -34, 35, 36, -37, 38, -39, 40, -41, 42, 43, -44, 45, 46, 47, 48, 49, -50, 51, 52, 53, 54, 55, 56, 57, 58, -59, 60, -61, 62, -63, -64, -65, -66, -67, -68, -69, 70, -71, 72, -73, -74, -75, 76, -77, 78, 79, 80, 81, 82, 83, -84, -85, -86, 87, -88, -89, -90, 91, -92, -93, -94]
Product 50: [1, 2, 3, 4, 5, 6, 7, 8, 9, 10, -11, 12, 13, 14, 15, 16, 17, 18, 19, 20, 21, 22, -23, -24, -25, 26, -27, -28, 29, 30, 31, 32, -33, 34, 35, 36, 37, -38, -39, 40, 41, -42, 43, -44, 45, 46, -47, 48, 49, 50, -51, 52, 53, 54, 55, 56, -57, 58, -59, -60, -61, -62, -63, -64, -65, -66, 67, -68, -69, 70, 71, -72, -73, -74, -75, -76, 77, -78, -79, -80, -81, -82, -83, -84, -85, -86, -87, -88, -89, -90, -91, 92, -93, -94]
Product 164: [1, 2, 3, 4, 5, 6, 7, 8, 9, 10, -11, 12, 13, 14, 15, 16, 17, 18, 19, 20, 21, 22, -23, -24, 25, 26, -27, 28, 29, 30, 31, 32, 33, -34, 35, 36, -37, 38, -39, 40, -41, 42, -43, 44, 45, 46, 47, 48, 49, -50, 51, 52, 53, 54, 55, 56, 57, 58, -59, -60, -61, 62, -63, -64, -65, -66, -67, -68, -69, 70, -71, 72, -73, -74, -75, -76, 77, 78, -79, 80, 81, 82, -83, -84, 85, -86, -87, -88, -89, -90, -91, -92, -93, 94]
Product 978: [1, 2, 3, 4, 5, 6, 7, 8, 9, 10, 11, 12, 13, 14, 15, 16, 17, 18, 19, 20, -21, 22, -23, 24, 25, 26, 27, 28, 29, 30, 31, 32, 33, -34, 35, 36, -37, 38, 39, -40, 41, -42, 43, -44, 45, -46, 47, 48, 49, -50, 51, 52, 53, 54, 55, 56, -57, 58, 59, 60, -61, 62, -63, -64, -65, -66, -67, -68, -69, 70, -71, 72, -73, 74, -75, -76, -77, -78, 79, -80, -81, -82, 83, -84, -85, -86, 87, -88, -89, -90, -91, -92, -93, -94]
Product 846: [1, 2, 3, 4, 5, 6, 7, 8, 9, 10, -11, 12, 13, 14, 15, 16, 17, 18, 19, 20, 21, 22, 23, 24, 25, 26, 27, -28, 29, 30, 31, 32, 33, -34, 35, 36, 37, -38, 39, -40, -41, 42, 43, -44, 45, -46, 47, 48, 49, -50, 51, 52, 53, 54, 55, 56, 57, 58, 59, 60, 61, -62, -63, -64, -65, -66, -67, -68, -69, 70, 71, -72, 73, -74, -75, -76, -77, -78, 79, 80, 81, 82, 83, -84, -85, -86, -87, -88, -89, -90, -91, -92, -93, -94]
Product 567: [1, 2, 3, 4, 5, 6, 7, 8, 9, 10, 11, 12, 13, 14, 15, 16, 17, 18, 19, 20, 21, 22, 23, 24, 25, 26, 27, -28, 29, 30, 31, 32, 33, -34, 35, 36, -37, 38, -39, 40, -41, 42, 43, -44, 45, 46, -47, 48, 49, -50, 51, 52, 53, 54, 55, 56, -57, 58, 59, -60, -61, -62, -63, 64, -65, -66, -67, -68, -69, 70, 71, -72, -73, -74, -75, -76, 77, -78, -79, -80, -81, -82, -83, -84, -85, -86, -87, -88, -89, -90, -91, 92, -93, -94]

Product Line Solution 2		 Objectives: 2.0 16.0 1949.0 
Product 511: [1, 2, 3, 4, 5, 6, 7, 8, 9, 10, 11, 12, 13, 14, 15, 16, 17, 18, 19, 20, -21, 22, -23, -24, -25, 26, 27, -28, 29, 30, 31, 32, -33, 34, 35, 36, -37, 38, -39, 40, -41, 42, 43, -44, 45, -46, 47, 48, 49, -50, 51, 52, 53, 54, 55, 56, -57, 58, -59, -60, -61, -62, -63, -64, -65, -66, 67, -68, -69, 70, -71, 72, -73, -74, -75, 76, -77, -78, 79, -80, -81, -82, -83, -84, 85, -86, -87, -88, -89, 90, -91, -92, -93, -94]
Product 916: [1, 2, 3, 4, 5, 6, 7, 8, 9, 10, -11, 12, 13, 14, 15, 16, 17, 18, 19, 20, -21, 22, -23, 24, -25, 26, -27, 28, 29, 30, 31, 32, -33, 34, 35, 36, 37, -38, -39, 40, -41, 42, -43, 44, 45, 46, -47, 48, 49, 50, -51, 52, 53, 54, 55, 56, -57, 58, -59, -60, -61, -62, -63, -64, 65, -66, -67, -68, -69, 70, -71, 72, -73, -74, -75, -76, 77, -78, -79, -80, -81, -82, -83, -84, -85, 86, -87, -88, -89, -90, -91, 92, -93, -94]
Product 957: [1, 2, 3, 4, 5, 6, 7, 8, 9, 10, -11, 12, 13, 14, 15, 16, 17, 18, 19, 20, 21, 22, -23, -24, 25, 26, -27, -28, 29, 30, 31, 32, -33, 34, 35, 36, -37, 38, -39, 40, -41, 42, 43, -44, 45, -46, 47, 48, 49, -50, 51, 52, 53, 54, 55, 56, -57, 58, 59, -60, -61, -62, -63, -64, -65, -66, -67, 68, -69, 70, -71, 72, -73, -74, -75, 76, -77, 78, 79, -80, -81, -82, -83, -84, 85, -86, -87, -88, -89, 90, -91, -92, -93, -94]
Product 411: [1, 2, 3, 4, 5, 6, 7, 8, 9, 10, -11, 12, 13, 14, 15, 16, 17, 18, 19, 20, 21, 22, -23, -24, -25, 26, -27, 28, 29, 30, 31, 32, -33, 34, 35, 36, 37, -38, -39, 40, -41, 42, -43, 44, 45, -46, -47, 48, 49, -50, 51, 52, 53, 54, 55, 56, 57, 58, -59, -60, -61, -62, -63, -64, -65, -66, -67, -68, 69, 70, 71, -72, -73, -74, -75, 76, -77, -78, -79, 80, 81, 82, -83, -84, -85, -86, -87, -88, -89, 90, -91, -92, -93, -94]
Product 875: [1, 2, 3, 4, 5, 6, 7, 8, 9, 10, 11, 12, 13, 14, 15, 16, 17, 18, 19, 20, 21, 22, 23, 24, -25, 26, -27, -28, 29, 30, 31, 32, -33, 34, 35, 36, 37, -38, -39, 40, 41, -42, 43, -44, 45, -46, 47, 48, 49, 50, -51, 52, 53, 54, 55, 56, 57, 58, -59, -60, -61, -62, -63, -64, -65, 66, -67, -68, -69, 70, -71, 72, -73, -74, -75, 76, -77, 78, -79, 80, 81, 82, -83, -84, -85, 86, -87, 88, -89, -90, -91, -92, -93, -94]
Product 105: [1, 2, 3, 4, 5, 6, 7, 8, 9, 10, 11, 12, 13, 14, 15, 16, 17, 18, 19, 20, 21, 22, -23, 24, 25, 26, -27, 28, 29, 30, 31, 32, 33, -34, 35, 36, 37, -38, 39, -40, -41, 42, 43, -44, 45, 46, -47, 48, 49, -50, 51, 52, 53, 54, 55, 56, 57, 58, -59, 60, -61, -62, 63, -64, -65, -66, -67, -68, -69, 70, -71, 72, -73, -74, 75, -76, -77, -78, -79, 80, 81, 82, -83, 84, -85, 86, -87, -88, -89, -90, -91, -92, -93, -94]
Product 887: [1, 2, 3, 4, 5, 6, 7, 8, 9, 10, -11, 12, 13, 14, 15, 16, 17, 18, 19, 20, 21, 22, -23, -24, 25, 26, -27, 28, 29, 30, 31, 32, 33, -34, 35, 36, 37, -38, -39, 40, -41, 42, -43, 44, 45, -46, 47, 48, 49, 50, -51, 52, 53, 54, 55, 56, -57, 58, 59, 60, -61, -62, -63, 64, -65, -66, -67, -68, -69, 70, -71, 72, -73, -74, -75, 76, -77, 78, 79, -80, -81, -82, -83, 84, 85, -86, -87, 88, -89, -90, -91, -92, -93, -94]
Product 312: [1, 2, 3, 4, 5, 6, 7, 8, 9, 10, -11, 12, 13, 14, 15, 16, 17, 18, 19, 20, -21, 22, -23, 24, -25, 26, -27, 28, 29, 30, 31, 32, 33, -34, 35, 36, 37, -38, 39, -40, 41, -42, 43, -44, 45, 46, 47, 48, 49, -50, 51, 52, 53, 54, 55, 56, -57, 58, -59, -60, 61, -62, -63, -64, -65, -66, -67, -68, -69, 70, -71, 72, -73, -74, 75, -76, -77, 78, -79, -80, -81, -82, -83, -84, -85, 86, -87, -88, -89, -90, -91, -92, -93, -94]
Product 403: [1, 2, 3, 4, 5, 6, 7, 8, 9, 10, -11, 12, 13, 14, 15, 16, 17, 18, 19, 20, -21, 22, -23, 24, 25, 26, -27, 28, 29, 30, 31, 32, -33, 34, 35, 36, -37, 38, -39, 40, 41, -42, 43, -44, 45, -46, -47, 48, 49, 50, -51, 52, 53, 54, 55, 56, 57, 58, -59, 60, -61, -62, -63, -64, -65, -66, -67, -68, 69, 70, 71, -72, -73, -74, -75, -76, 77, -78, -79, 80, 81, 82, 83, -84, -85, -86, -87, -88, -89, -90, -91, -92, 93, -94]
Product 573: [1, 2, 3, 4, 5, 6, 7, 8, 9, 10, -11, 12, 13, 14, 15, 16, 17, 18, 19, 20, 21, 22, 23, 24, 25, 26, 27, -28, 29, 30, 31, 32, -33, 34, 35, 36, -37, 38, -39, 40, -41, 42, -43, 44, 45, -46, -47, 48, 49, -50, 51, 52, 53, 54, 55, 56, -57, 58, 59, 60, -61, -62, -63, -64, 65, -66, -67, -68, -69, 70, 71, -72, -73, -74, -75, -76, 77, -78, -79, -80, -81, -82, 83, -84, -85, -86, -87, -88, -89, -90, -91, -92, -93, 94]
Product 306: [1, 2, 3, 4, 5, 6, 7, 8, 9, 10, -11, 12, 13, 14, 15, 16, 17, 18, 19, 20, -21, 22, -23, -24, -25, 26, -27, -28, 29, 30, 31, 32, -33, 34, 35, 36, -37, 38, -39, 40, -41, 42, -43, 44, 45, -46, 47, 48, 49, 50, -51, 52, 53, 54, 55, 56, 57, 58, -59, -60, -61, -62, -63, -64, -65, -66, -67, 68, -69, 70, 71, -72, -73, -74, -75, -76, 77, 78, -79, 80, 81, 82, -83, -84, -85, -86, -87, -88, -89, -90, -91, -92, -93, 94]
Product 717: [1, 2, 3, 4, 5, 6, 7, 8, 9, 10, -11, 12, 13, 14, 15, 16, 17, 18, 19, 20, 21, 22, -23, 24, 25, 26, 27, 28, 29, 30, 31, 32, -33, 34, 35, 36, -37, 38, -39, 40, 41, -42, 43, -44, 45, -46, 47, 48, 49, -50, 51, 52, 53, 54, 55, 56, 57, 58, 59, 60, -61, -62, -63, -64, 65, -66, -67, -68, -69, 70, -71, 72, -73, -74, -75, 76, -77, 78, -79, 80, 81, 82, -83, 84, -85, -86, 87, -88, -89, -90, 91, -92, -93, -94]
Product 182: [1, 2, 3, 4, 5, 6, 7, 8, 9, 10, 11, 12, 13, 14, 15, 16, 17, 18, 19, 20, 21, 22, -23, 24, 25, 26, -27, 28, 29, 30, 31, 32, 33, -34, 35, 36, 37, -38, 39, -40, 41, -42, 43, -44, 45, -46, -47, 48, 49, -50, 51, 52, 53, 54, 55, 56, -57, 58, 59, 60, -61, 62, -63, -64, -65, -66, -67, -68, -69, 70, -71, 72, -73, -74, 75, -76, -77, -78, -79, -80, -81, -82, 83, -84, -85, -86, 87, -88, -89, -90, -91, -92, -93, -94]
Product 976: [1, 2, 3, 4, 5, 6, 7, 8, 9, 10, 11, 12, 13, 14, 15, 16, 17, 18, 19, 20, 21, 22, 23, 24, 25, 26, 27, 28, 29, 30, 31, 32, 33, -34, 35, 36, -37, 38, -39, 40, -41, 42, -43, 44, 45, 46, -47, 48, 49, -50, 51, 52, 53, 54, 55, 56, 57, 58, 59, -60, -61, 62, -63, -64, -65, -66, -67, -68, -69, 70, 71, -72, -73, -74, -75, 76, -77, -78, -79, 80, 81, 82, -83, -84, -85, -86, -87, -88, 89, -90, -91, -92, -93, -94]
Product 356: [1, 2, 3, 4, 5, 6, 7, 8, 9, 10, 11, 12, 13, 14, 15, 16, 17, 18, 19, 20, 21, 22, 23, -24, 25, 26, 27, -28, 29, 30, 31, 32, -33, 34, 35, 36, -37, 38, -39, 40, -41, 42, -43, 44, 45, 46, 47, 48, 49, 50, -51, 52, 53, 54, 55, 56, 57, 58, 59, 60, -61, -62, -63, -64, -65, -66, 67, -68, -69, 70, -71, 72, -73, -74, -75, 76, -77, 78, 79, 80, 81, 82, 83, -84, -85, 86, -87, -88, -89, 90, -91, -92, -93, -94]
Product 750: [1, 2, 3, 4, 5, 6, 7, 8, 9, 10, 11, 12, 13, 14, 15, 16, 17, 18, 19, 20, -21, 22, -23, 24, 25, 26, 27, -28, 29, 30, 31, 32, -33, 34, 35, 36, -37, 38, -39, 40, 41, -42, 43, -44, 45, -46, -47, 48, 49, 50, -51, 52, 53, 54, 55, 56, -57, 58, 59, -60, -61, -62, -63, -64, -65, 66, -67, -68, -69, 70, 71, -72, -73, -74, -75, -76, 77, -78, -79, -80, -81, -82, -83, -84, -85, -86, -87, -88, -89, -90, -91, -92, -93, 94]

Product Line Solution 3		 Objectives: 1.0 17.0 2100.0 
Product 989: [1, 2, 3, 4, 5, 6, 7, 8, 9, 10, -11, 12, 13, 14, 15, 16, 17, 18, 19, 20, -21, 22, -23, 24, 25, 26, -27, -28, 29, 30, 31, 32, -33, 34, 35, 36, -37, 38, -39, 40, -41, 42, -43, 44, 45, -46, -47, 48, 49, 50, -51, 52, 53, 54, 55, 56, -57, 58, 59, 60, -61, -62, -63, -64, -65, -66, -67, 68, -69, 70, -71, 72, -73, -74, -75, -76, 77, -78, -79, -80, -81, -82, 83, -84, -85, -86, 87, -88, -89, -90, -91, -92, -93, 94]
Product 526: [1, 2, 3, 4, 5, 6, 7, 8, 9, 10, -11, 12, 13, 14, 15, 16, 17, 18, 19, 20, 21, 22, -23, 24, -25, 26, -27, 28, 29, 30, 31, 32, 33, -34, 35, 36, -37, 38, 39, -40, -41, 42, -43, 44, 45, 46, 47, 48, 49, 50, -51, 52, 53, 54, 55, 56, 57, 58, -59, -60, -61, -62, -63, 64, -65, -66, -67, -68, -69, 70, -71, 72, -73, 74, -75, -76, -77, 78, 79, 80, 81, 82, -83, -84, 85, -86, -87, -88, -89, -90, -91, -92, -93, -94]
Product 878: [1, 2, 3, 4, 5, 6, 7, 8, 9, 10, -11, 12, 13, 14, 15, 16, 17, 18, 19, 20, 21, 22, -23, 24, 25, 26, 27, 28, 29, 30, 31, 32, -33, 34, 35, 36, 37, -38, -39, 40, -41, 42, -43, 44, 45, -46, -47, 48, 49, -50, 51, 52, 53, 54, 55, 56, -57, 58, 59, -60, -61, -62, -63, -64, -65, 66, -67, -68, -69, 70, -71, 72, -73, -74, -75, 76, -77, -78, -79, -80, -81, -82, -83, -84, 85, -86, -87, 88, -89, -90, -91, -92, -93, -94]
Product 511: [1, 2, 3, 4, 5, 6, 7, 8, 9, 10, 11, 12, 13, 14, 15, 16, 17, 18, 19, 20, -21, 22, -23, -24, -25, 26, 27, -28, 29, 30, 31, 32, -33, 34, 35, 36, -37, 38, -39, 40, -41, 42, 43, -44, 45, -46, 47, 48, 49, -50, 51, 52, 53, 54, 55, 56, -57, 58, -59, -60, -61, -62, -63, -64, -65, -66, 67, -68, -69, 70, -71, 72, -73, -74, -75, 76, -77, -78, 79, -80, -81, -82, -83, -84, 85, -86, -87, -88, -89, 90, -91, -92, -93, -94]
Product 460: [1, 2, 3, 4, 5, 6, 7, 8, 9, 10, 11, 12, 13, 14, 15, 16, 17, 18, 19, 20, -21, 22, -23, -24, 25, 26, 27, -28, 29, 30, 31, 32, -33, 34, 35, 36, -37, 38, 39, -40, -41, 42, -43, 44, 45, -46, 47, 48, 49, 50, -51, 52, 53, 54, 55, 56, -57, 58, 59, 60, -61, -62, -63, -64, -65, -66, -67, -68, 69, 70, -71, 72, -73, 74, -75, -76, -77, 78, 79, -80, -81, -82, -83, 84, 85, -86, -87, -88, -89, -90, -91, -92, -93, -94]
Product 949: [1, 2, 3, 4, 5, 6, 7, 8, 9, 10, -11, 12, 13, 14, 15, 16, 17, 18, 19, 20, 21, 22, -23, -24, 25, 26, -27, 28, 29, 30, 31, 32, 33, -34, 35, 36, 37, -38, -39, 40, -41, 42, 43, -44, 45, 46, 47, 48, 49, -50, 51, 52, 53, 54, 55, 56, -57, 58, 59, -60, -61, -62, 63, -64, -65, -66, -67, -68, -69, 70, 71, -72, -73, -74, -75, -76, 77, 78, -79, -80, -81, -82, -83, -84, -85, -86, -87, -88, -89, -90, -91, -92, 93, -94]
Product 720: [1, 2, 3, 4, 5, 6, 7, 8, 9, 10, 11, 12, 13, 14, 15, 16, 17, 18, 19, 20, 21, 22, -23, -24, 25, 26, 27, 28, 29, 30, 31, 32, -33, 34, 35, 36, -37, 38, 39, -40, -41, 42, -43, 44, 45, -46, 47, 48, 49, 50, -51, 52, 53, 54, 55, 56, -57, 58, 59, 60, -61, -62, -63, -64, -65, -66, 67, -68, -69, 70, -71, 72, -73, -74, 75, -76, -77, 78, -79, -80, -81, -82, -83, 84, -85, -86, 87, -88, -89, -90, -91, -92, -93, -94]
Product 370: [1, 2, 3, 4, 5, 6, 7, 8, 9, 10, -11, 12, 13, 14, 15, 16, 17, 18, 19, 20, 21, 22, -23, 24, 25, 26, 27, -28, 29, 30, 31, 32, 33, -34, 35, 36, -37, 38, 39, -40, 41, -42, 43, -44, 45, 46, -47, 48, 49, -50, 51, 52, 53, 54, 55, 56, 57, 58, 59, 60, -61, -62, -63, 64, -65, -66, -67, -68, -69, 70, -71, 72, -73, -74, 75, -76, -77, -78, -79, 80, 81, 82, 83, -84, 85, -86, -87, -88, -89, -90, -91, -92, -93, -94]
Product 39: [1, 2, 3, 4, 5, 6, 7, 8, 9, 10, -11, 12, 13, 14, 15, 16, 17, 18, 19, 20, 21, 22, -23, -24, 25, 26, -27, -28, 29, 30, 31, 32, 33, -34, 35, 36, 37, -38, 39, -40, 41, -42, 43, -44, 45, -46, 47, 48, 49, 50, -51, 52, 53, 54, 55, 56, 57, 58, 59, 60, -61, -62, 63, -64, -65, -66, -67, -68, -69, 70, -71, 72, 73, -74, -75, -76, -77, -78, 79, 80, 81, 82, -83, 84, -85, 86, -87, -88, -89, -90, -91, -92, -93, -94]
Product 410: [1, 2, 3, 4, 5, 6, 7, 8, 9, 10, -11, 12, 13, 14, 15, 16, 17, 18, 19, 20, 21, 22, -23, 24, 25, 26, -27, -28, 29, 30, 31, 32, 33, -34, 35, 36, 37, -38, -39, 40, -41, 42, -43, 44, 45, 46, 47, 48, 49, -50, 51, 52, 53, 54, 55, 56, -57, 58, -59, 60, -61, 62, -63, -64, -65, -66, -67, -68, -69, 70, -71, 72, -73, -74, -75, 76, -77, 78, -79, -80, -81, -82, -83, 84, -85, -86, 87, -88, 89, -90, -91, -92, -93, -94]
Product 240: [1, 2, 3, 4, 5, 6, 7, 8, 9, 10, 11, 12, 13, 14, 15, 16, 17, 18, 19, 20, 21, 22, 23, 24, 25, 26, 27, 28, 29, 30, 31, 32, 33, -34, 35, 36, 37, -38, -39, 40, -41, 42, -43, 44, 45, -46, 47, 48, 49, -50, 51, 52, 53, 54, 55, 56, -57, 58, 59, -60, -61, -62, 63, -64, -65, -66, -67, -68, -69, 70, -71, 72, -73, -74, -75, 76, -77, 78, 79, -80, -81, -82, -83, -84, -85, -86, 87, 88, -89, -90, -91, -92, -93, -94]
Product 440: [1, 2, 3, 4, 5, 6, 7, 8, 9, 10, -11, 12, 13, 14, 15, 16, 17, 18, 19, 20, 21, 22, -23, 24, 25, 26, -27, 28, 29, 30, 31, 32, -33, 34, 35, 36, -37, 38, -39, 40, -41, 42, -43, 44, 45, 46, -47, 48, 49, -50, 51, 52, 53, 54, 55, 56, -57, 58, 59, -60, -61, -62, -63, -64, 65, -66, -67, -68, -69, 70, -71, 72, -73, -74, -75, 76, -77, -78, -79, -80, -81, -82, -83, -84, 85, -86, -87, -88, -89, -90, 91, -92, -93, -94]
Product 714: [1, 2, 3, 4, 5, 6, 7, 8, 9, 10, -11, 12, 13, 14, 15, 16, 17, 18, 19, 20, -21, 22, -23, 24, -25, 26, 27, -28, 29, 30, 31, 32, -33, 34, 35, 36, 37, -38, -39, 40, -41, 42, -43, 44, 45, 46, -47, 48, 49, 50, -51, 52, 53, 54, 55, 56, -57, 58, -59, -60, -61, -62, -63, -64, -65, -66, 67, -68, -69, 70, 71, -72, -73, -74, -75, -76, 77, -78, -79, -80, -81, -82, -83, -84, -85, -86, -87, -88, -89, -90, -91, 92, -93, -94]
Product 338: [1, 2, 3, 4, 5, 6, 7, 8, 9, 10, 11, 12, 13, 14, 15, 16, 17, 18, 19, 20, 21, 22, 23, 24, 25, 26, 27, -28, 29, 30, 31, 32, -33, 34, 35, 36, 37, -38, 39, -40, 41, -42, 43, -44, 45, -46, -47, 48, 49, 50, -51, 52, 53, 54, 55, 56, -57, 58, -59, 60, -61, -62, -63, -64, 65, -66, -67, -68, -69, 70, -71, 72, 73, -74, -75, -76, -77, -78, -79, -80, -81, -82, 83, -84, 85, -86, -87, -88, -89, -90, -91, -92, -93, -94]
Product 7: [1, 2, 3, 4, 5, 6, 7, 8, 9, 10, -11, 12, 13, 14, 15, 16, 17, 18, 19, 20, 21, 22, 23, 24, 25, 26, 27, 28, 29, 30, 31, 32, -33, 34, 35, 36, -37, 38, 39, -40, -41, 42, -43, 44, 45, -46, 47, 48, 49, 50, -51, 52, 53, 54, 55, 56, 57, 58, -59, 60, -61, -62, -63, -64, -65, -66, -67, 68, -69, 70, -71, 72, 73, -74, -75, -76, -77, 78, 79, 80, 81, 82, -83, 84, -85, 86, -87, -88, -89, -90, -91, -92, -93, -94]
Product 859: [1, 2, 3, 4, 5, 6, 7, 8, 9, 10, 11, 12, 13, 14, 15, 16, 17, 18, 19, 20, 21, 22, -23, 24, 25, 26, -27, 28, 29, 30, 31, 32, -33, 34, 35, 36, 37, -38, -39, 40, -41, 42, -43, 44, 45, 46, 47, 48, 49, 50, -51, 52, 53, 54, 55, 56, 57, 58, -59, 60, -61, -62, -63, -64, -65, -66, 67, -68, -69, 70, -71, 72, -73, -74, -75, -76, 77, -78, 79, 80, 81, 82, 83, -84, -85, -86, 87, -88, -89, -90, -91, -92, 93, -94]
Product 281: [1, 2, 3, 4, 5, 6, 7, 8, 9, 10, 11, 12, 13, 14, 15, 16, 17, 18, 19, 20, 21, 22, -23, -24, 25, 26, -27, -28, 29, 30, 31, 32, 33, -34, 35, 36, 37, -38, -39, 40, 41, -42, 43, -44, 45, 46, 47, 48, 49, -50, 51, 52, 53, 54, 55, 56, -57, 58, -59, 60, -61, 62, -63, -64, -65, -66, -67, -68, -69, 70, -71, 72, -73, -74, -75, -76, 77, -78, 79, -80, -81, -82, -83, 84, -85, 86, -87, -88, -89, -90, -91, 92, -93, -94]

Product Line Solution 4		 Objectives: 3.0 14.0 1698.0 
Product 160: [1, 2, 3, 4, 5, 6, 7, 8, 9, 10, 11, 12, 13, 14, 15, 16, 17, 18, 19, 20, 21, 22, 23, -24, 25, 26, -27, -28, 29, 30, 31, 32, -33, 34, 35, 36, 37, -38, -39, 40, 41, -42, 43, -44, 45, 46, 47, 48, 49, -50, 51, 52, 53, 54, 55, 56, 57, 58, -59, -60, -61, -62, -63, -64, -65, 66, -67, -68, -69, 70, -71, 72, -73, -74, -75, -76, 77, 78, -79, 80, 81, 82, -83, -84, -85, 86, -87, -88, -89, -90, -91, -92, -93, 94]
Product 326: [1, 2, 3, 4, 5, 6, 7, 8, 9, 10, 11, 12, 13, 14, 15, 16, 17, 18, 19, 20, -21, 22, -23, -24, 25, 26, 27, -28, 29, 30, 31, 32, -33, 34, 35, 36, 37, -38, -39, 40, -41, 42, -43, 44, 45, -46, 47, 48, 49, -50, 51, 52, 53, 54, 55, 56, -57, 58, -59, -60, -61, -62, -63, -64, -65, -66, 67, -68, -69, 70, -71, 72, -73, -74, -75, -76, 77, 78, 79, -80, -81, -82, -83, -84, -85, 86, -87, -88, -89, -90, -91, 92, -93, -94]
Product 758: [1, 2, 3, 4, 5, 6, 7, 8, 9, 10, 11, 12, 13, 14, 15, 16, 17, 18, 19, 20, -21, 22, -23, 24, 25, 26, -27, -28, 29, 30, 31, 32, 33, -34, 35, 36, -37, 38, 39, -40, -41, 42, 43, -44, 45, -46, 47, 48, 49, -50, 51, 52, 53, 54, 55, 56, -57, 58, -59, 60, -61, -62, -63, 64, -65, -66, -67, -68, -69, 70, -71, 72, -73, 74, -75, -76, -77, 78, -79, -80, -81, -82, -83, 84, 85, -86, -87, -88, -89, -90, -91, -92, -93, -94]
Product 642: [1, 2, 3, 4, 5, 6, 7, 8, 9, 10, 11, 12, 13, 14, 15, 16, 17, 18, 19, 20, -21, 22, -23, 24, 25, 26, -27, 28, 29, 30, 31, 32, 33, -34, 35, 36, 37, -38, -39, 40, -41, 42, -43, 44, 45, 46, -47, 48, 49, 50, -51, 52, 53, 54, 55, 56, -57, 58, -59, 60, -61, -62, -63, 64, -65, -66, -67, -68, -69, 70, -71, 72, -73, -74, -75, 76, -77, -78, -79, -80, -81, -82, 83, -84, 85, -86, -87, -88, -89, -90, 91, -92, -93, -94]
Product 748: [1, 2, 3, 4, 5, 6, 7, 8, 9, 10, 11, 12, 13, 14, 15, 16, 17, 18, 19, 20, 21, 22, 23, -24, 25, 26, -27, 28, 29, 30, 31, 32, -33, 34, 35, 36, -37, 38, 39, -40, 41, -42, 43, -44, 45, 46, 47, 48, 49, 50, -51, 52, 53, 54, 55, 56, -57, 58, 59, 60, -61, -62, -63, -64, -65, -66, 67, -68, -69, 70, -71, 72, 73, -74, -75, -76, -77, 78, 79, -80, -81, -82, 83, -84, 85, -86, -87, -88, -89, -90, -91, -92, -93, -94]
Product 565: [1, 2, 3, 4, 5, 6, 7, 8, 9, 10, 11, 12, 13, 14, 15, 16, 17, 18, 19, 20, -21, 22, -23, 24, 25, 26, 27, -28, 29, 30, 31, 32, 33, -34, 35, 36, -37, 38, -39, 40, -41, 42, -43, 44, 45, -46, -47, 48, 49, -50, 51, 52, 53, 54, 55, 56, 57, 58, 59, -60, -61, -62, 63, -64, -65, -66, -67, -68, -69, 70, 71, -72, -73, -74, -75, -76, 77, -78, -79, 80, 81, 82, -83, -84, -85, -86, -87, -88, -89, -90, -91, -92, 93, -94]
Product 260: [1, 2, 3, 4, 5, 6, 7, 8, 9, 10, -11, 12, 13, 14, 15, 16, 17, 18, 19, 20, -21, 22, -23, -24, 25, 26, -27, 28, 29, 30, 31, 32, 33, -34, 35, 36, 37, -38, -39, 40, -41, 42, -43, 44, 45, -46, -47, 48, 49, -50, 51, 52, 53, 54, 55, 56, 57, 58, -59, 60, -61, 62, -63, -64, -65, -66, -67, -68, -69, 70, 71, -72, -73, -74, -75, 76, -77, -78, -79, 80, 81, 82, 83, -84, -85, -86, -87, 88, -89, -90, -91, -92, -93, -94]
Product 731: [1, 2, 3, 4, 5, 6, 7, 8, 9, 10, -11, 12, 13, 14, 15, 16, 17, 18, 19, 20, 21, 22, -23, 24, 25, 26, -27, -28, 29, 30, 31, 32, 33, -34, 35, 36, 37, -38, 39, -40, -41, 42, 43, -44, 45, -46, 47, 48, 49, -50, 51, 52, 53, 54, 55, 56, 57, 58, 59, 60, -61, 62, -63, -64, -65, -66, -67, -68, -69, 70, -71, 72, -73, -74, 75, -76, -77, 78, -79, 80, 81, 82, -83, 84, -85, -86, 87, -88, -89, -90, -91, -92, -93, -94]
Product 152: [1, 2, 3, 4, 5, 6, 7, 8, 9, 10, 11, 12, 13, 14, 15, 16, 17, 18, 19, 20, 21, 22, -23, 24, 25, 26, 27, -28, 29, 30, 31, 32, -33, 34, 35, 36, 37, -38, 39, -40, -41, 42, -43, 44, 45, -46, 47, 48, 49, -50, 51, 52, 53, 54, 55, 56, -57, 58, 59, 60, -61, -62, -63, -64, -65, -66, -67, 68, -69, 70, -71, 72, -73, -74, 75, -76, -77, -78, 79, -80, -81, -82, 83, -84, -85, 86, -87, -88, -89, -90, -91, -92, -93, -94]
Product 540: [1, 2, 3, 4, 5, 6, 7, 8, 9, 10, -11, 12, 13, 14, 15, 16, 17, 18, 19, 20, -21, 22, -23, 24, -25, 26, 27, 28, 29, 30, 31, 32, -33, 34, 35, 36, 37, -38, -39, 40, -41, 42, -43, 44, 45, -46, -47, 48, 49, 50, -51, 52, 53, 54, 55, 56, -57, 58, -59, -60, -61, -62, -63, -64, -65, -66, 67, -68, -69, 70, -71, 72, -73, -74, -75, 76, -77, -78, -79, -80, -81, -82, -83, -84, -85, -86, 87, -88, 89, -90, -91, -92, -93, -94]
Product 275: [1, 2, 3, 4, 5, 6, 7, 8, 9, 10, -11, 12, 13, 14, 15, 16, 17, 18, 19, 20, -21, 22, -23, 24, 25, 26, 27, -28, 29, 30, 31, 32, -33, 34, 35, 36, 37, -38, -39, 40, 41, -42, 43, -44, 45, -46, 47, 48, 49, -50, 51, 52, 53, 54, 55, 56, -57, 58, 59, -60, -61, -62, -63, -64, -65, 66, -67, -68, -69, 70, 71, -72, -73, -74, -75, -76, 77, 78, -79, -80, -81, -82, -83, -84, -85, -86, -87, -88, -89, -90, -91, 92, -93, -94]
Product 4: [1, 2, 3, 4, 5, 6, 7, 8, 9, 10, 11, 12, 13, 14, 15, 16, 17, 18, 19, 20, -21, 22, -23, 24, 25, 26, -27, 28, 29, 30, 31, 32, -33, 34, 35, 36, -37, 38, -39, 40, -41, 42, -43, 44, 45, 46, -47, 48, 49, 50, -51, 52, 53, 54, 55, 56, 57, 58, -59, 60, -61, -62, -63, -64, -65, -66, -67, -68, 69, 70, 71, -72, -73, -74, -75, 76, -77, -78, -79, 80, 81, 82, -83, 84, -85, -86, -87, -88, 89, -90, -91, -92, -93, -94]
Product 332: [1, 2, 3, 4, 5, 6, 7, 8, 9, 10, -11, 12, 13, 14, 15, 16, 17, 18, 19, 20, -21, 22, -23, 24, 25, 26, 27, 28, 29, 30, 31, 32, -33, 34, 35, 36, 37, -38, -39, 40, -41, 42, -43, 44, 45, -46, -47, 48, 49, -50, 51, 52, 53, 54, 55, 56, 57, 58, 59, -60, -61, -62, -63, -64, -65, -66, 67, -68, -69, 70, -71, 72, -73, -74, -75, 76, -77, -78, -79, 80, 81, 82, -83, -84, -85, -86, 87, -88, 89, -90, -91, -92, -93, -94]
Product 600: [1, 2, 3, 4, 5, 6, 7, 8, 9, 10, -11, 12, 13, 14, 15, 16, 17, 18, 19, 20, -21, 22, -23, -24, 25, 26, 27, -28, 29, 30, 31, 32, -33, 34, 35, 36, -37, 38, -39, 40, -41, 42, 43, -44, 45, 46, 47, 48, 49, 50, -51, 52, 53, 54, 55, 56, 57, 58, -59, 60, -61, -62, -63, -64, -65, -66, 67, -68, -69, 70, 71, -72, -73, -74, -75, -76, 77, 78, -79, 80, 81, 82, 83, -84, -85, -86, -87, -88, -89, -90, -91, -92, 93, -94]

